AVAPS-T01 STA 132855101 140630 171042.59
AVAPS-T01 COM            UTC     UTC      Wind   Vert      GPS        GPS     Geopoten GPS Wind    GPS   
AVAPS-T01 COM   Sonde    Date    Time     Spd    Veloc  Longitude   Latitude  Altitude Snd Error Altitude
AVAPS-T01 COM    ID     yymmdd hhmmss.ss  (m/s)  (m/s)    (deg)       (deg)      (m)   Sat (m/s)    (m)  
AVAPS-T01 COM --------- ------ --------- ------ ------ ----------- ---------- -------- --- ----- --------
AVAPS-T01 LAU 132855101 140630 173013.75                                                                 
AVAPS-D01 A00 132855101 140630 173014.00  11.16  -0.51  -80.123600  28.575800  3195.30   0  0.00  3206.50
AVAPS-D01 P00 132855101 140630 173003.75 114.65   0.56  -80.136220  28.575514 99999.00  12  1.40  3170.41
AVAPS-D01 P10 132855101 140630 173004.00 114.84   0.65  999.000000  99.000000 99999.00  12  1.40 99999.00
AVAPS-D01 P00 132855101 140630 173004.25 114.92   0.66  -80.135634  28.575530 99999.00  12  1.40  3170.91
AVAPS-D01 P10 132855101 140630 173004.50 114.94   0.66  999.000000  99.000000 99999.00  12  1.40 99999.00
AVAPS-D01 P00 132855101 140630 173004.75 114.81   0.57  -80.135048  28.575545 99999.00  12  1.40  3171.32
AVAPS-D01 P10 132855101 140630 173005.00 114.95   0.57  999.000000  99.000000 99999.00  12  1.38 99999.00
AVAPS-D01 P00 132855101 140630 173005.25 114.91   0.58  -80.134461  28.575560 99999.00  12  1.38  3171.90
AVAPS-D01 P10 132855101 140630 173005.50 114.76   0.56  999.000000  99.000000 99999.00  12  1.38 99999.00
AVAPS-D01 P00 132855101 140630 173005.75 114.88   0.53  -80.133875  28.575575 99999.00  12  1.38  3172.32
AVAPS-D01 P10 132855101 140630 173006.00 114.70   0.50  999.000000  99.000000 99999.00  12  1.38 99999.00
AVAPS-D01 P00 132855101 140630 173006.25 114.76   0.52  -80.133290  28.575589 99999.00  12  1.38  3172.79
AVAPS-D01 P10 132855101 140630 173006.50 114.53   0.47  999.000000  99.000000 99999.00  12  1.38 99999.00
AVAPS-D01 P00 132855101 140630 173006.75 114.68   0.33  -80.132704  28.575603 99999.00  12  1.40  3172.88
AVAPS-D01 P10 132855101 140630 173007.00 114.77   0.34  999.000000  99.000000 99999.00  12  1.41 99999.00
AVAPS-D01 P00 132855101 140630 173007.25 114.87   0.34  -80.132118  28.575618 99999.00  12  1.42  3173.37
AVAPS-D01 P10 132855101 140630 173007.50 114.76   0.27  999.000000  99.000000 99999.00  12  1.43 99999.00
AVAPS-D01 P00 132855101 140630 173007.75 114.69   0.32  -80.131532  28.575632 99999.00  12  1.44  3173.60
AVAPS-D01 P10 132855101 140630 173008.00 114.69   0.32  999.000000  99.000000 99999.00  12  1.46 99999.00
AVAPS-D01 P00 132855101 140630 173008.25 114.50   0.16  -80.130947  28.575648 99999.00  12  1.48  3173.69
AVAPS-D01 P10 132855101 140630 173008.50 114.42   0.09  999.000000  99.000000 99999.00  12  1.49 99999.00
AVAPS-D01 P00 132855101 140630 173008.75 114.50   0.05  -80.130362  28.575662 99999.00  12  1.50  3173.95
AVAPS-D01 P10 132855101 140630 173009.00 114.69   0.05  999.000000  99.000000 99999.00  12  1.50 99999.00
AVAPS-D01 P00 132855101 140630 173009.25 114.77   0.07  -80.129774  28.575676 99999.00  12  1.51  3174.29
AVAPS-D01 P10 132855101 140630 173009.50 114.71   0.06  999.000000  99.000000 99999.00  12  1.51 99999.00
AVAPS-D01 P00 132855101 140630 173009.75 114.87  -0.00  -80.129187  28.575690 99999.00  12  1.50  3174.60
AVAPS-D01 P10 132855101 140630 173010.00 114.52  -0.08  999.000000  99.000000 99999.00  12  1.50 99999.00
AVAPS-D01 P00 132855101 140630 173010.25 114.95  -0.11  -80.128599  28.575702 99999.00  12  1.49  3174.11
AVAPS-D01 P10 132855101 140630 173010.50 115.08  -0.18  999.000000  99.000000 99999.00  12  1.46 99999.00
AVAPS-D01 P00 132855101 140630 173010.75 115.19  -0.21  -80.128008  28.575715 99999.00  12  1.45  3173.75
AVAPS-D01 P10 132855101 140630 173011.00 115.19  -0.26  999.000000  99.000000 99999.00  12  1.45 99999.00
AVAPS-D01 P00 132855101 140630 173011.25 114.87  -0.29  -80.127420  28.575729 99999.00  12  1.45  3173.58
AVAPS-D01 P10 132855101 140630 173011.50 114.96  -0.20  999.000000  99.000000 99999.00  12  1.46 99999.00
AVAPS-D01 P00 132855101 140630 173011.75 114.75  -0.33  -80.126832  28.575741 99999.00  12  1.46  3173.60
AVAPS-D01 P10 132855101 140630 173012.00 114.70  -0.35  999.000000  99.000000 99999.00  12  1.47 99999.00
AVAPS-D01 P00 132855101 140630 173012.25 115.03  -0.41  -80.126243  28.575754 99999.00  12  1.47  3173.50
AVAPS-D01 P10 132855101 140630 173012.50 114.86  -0.82  999.000000  99.000000 99999.00  12  1.47 99999.00
AVAPS-D01 P00 132855101 140630 173012.75 114.70  -1.70  -80.125656  28.575764 99999.00  12  1.47  3172.06
AVAPS-D01 P10 132855101 140630 173013.00 114.20  -2.25  999.000000  99.000000 99999.00  12  1.48 99999.00
AVAPS-D01 P00 132855101 140630 173013.25 113.87  -2.68  -80.125075  28.575777 99999.00  12  1.48  3170.82
AVAPS-D01 P10 132855101 140630 173013.50 114.05  -3.04  999.000000  99.000000 99999.00  12  1.48 99999.00
AVAPS-D01 S00 132855101 140630 173013.75 114.05  -3.18  -80.124492  28.575790 99999.00  12  1.48  3169.62
AVAPS-D01 S10 132855101 140630 173014.00 113.67  -3.47  999.000000  99.000000 99999.00  12  1.51 99999.00
AVAPS-D01 S00 132855101 140630 173014.25 112.97  -3.50  -80.123915  28.575810 99999.00  12  1.51  3168.73
AVAPS-D01 S10 132855101 140630 173014.50 103.13  -2.78  999.000000  99.000000 99999.00   9  3.54 99999.00
AVAPS-D01 S00 132855101 140630 173014.75  95.10  -0.43  -80.123467  28.575839 99999.00   9  4.46  3178.02
AVAPS-D01 S10 132855101 140630 173015.00  74.92  -6.41  999.000000  99.000000 99999.00   9  5.67 99999.00
AVAPS-D01 S00 132855101 140630 173015.25  63.01  -6.18  -80.123208  28.575841 99999.00   8  6.52  3164.77
AVAPS-D01 S10 132855101 140630 173015.50  38.74  -7.70  999.000000  99.000000 99999.00   7  5.99 99999.00
AVAPS-D01 S00 132855101 140630 173015.75  24.98  -8.29  -80.123192  28.575778 99999.00   7  5.19  3160.05
AVAPS-D01 S10 132855101 140630 173016.00  15.23  -8.52  999.000000  99.000000 99999.00  10  3.50 99999.00
AVAPS-D01 S00 132855101 140630 173016.25  13.12  -9.62  -80.123264  28.575691 99999.00  10  2.71  3160.08
AVAPS-D01 S10 132855101 140630 173016.50  11.93 -10.87  999.000000  99.000000 99999.00  10  2.30 99999.00
AVAPS-D01 S00 132855101 140630 173016.75  11.80 -11.89  -80.123320  28.575611 99999.00  10  1.98  3154.61
AVAPS-D01 S10 132855101 140630 173017.00  11.43 -12.55  999.000000  99.000000 99999.00  10  2.03 99999.00
AVAPS-D01 S00 132855101 140630 173017.25  11.20 -13.24  -80.123373  28.575557  3171.91  10  1.95  3175.55
AVAPS-D01 S10 132855101 140630 173017.50  12.25 -13.78  999.000000  99.000000 99999.00  10  1.59 99999.00
AVAPS-D01 S00 132855101 140630 173017.75  12.27 -14.17  -80.123431  28.575497  3156.47  11  1.30  3165.72
AVAPS-D01 S10 132855101 140630 173018.00  12.67 -14.31  999.000000  99.000000 99999.00  10  1.26 99999.00
AVAPS-D01 S00 132855101 140630 173018.25  13.30 -14.58  -80.123483  28.575446  3158.40  10  1.10  3155.18
AVAPS-D01 S10 132855101 140630 173018.50  12.73 -14.90  999.000000  99.000000 99999.00  11  1.09 99999.00
AVAPS-D01 S00 132855101 140630 173018.75  12.42 -15.14  -80.123520  28.575388  3140.97  11  1.05  3145.72
AVAPS-D01 S10 132855101 140630 173019.00  12.06 -15.32  999.000000  99.000000 99999.00  11  0.90 99999.00
AVAPS-D01 S00 132855101 140630 173019.25  11.69 -15.63  -80.123554  28.575332  3141.69  11  0.78  3136.65
AVAPS-D01 S10 132855101 140630 173019.50  11.66 -16.05  999.000000  99.000000 99999.00  11  0.70 99999.00
AVAPS-D01 S00 132855101 140630 173019.75  10.76 -16.22  -80.123587  28.575281  3129.01  11  0.68  3127.59
AVAPS-D01 S10 132855101 140630 173020.00  11.21 -16.23  999.000000  99.000000 99999.00  11  0.72 99999.00
AVAPS-D01 S00 132855101 140630 173020.25  11.54 -16.34  -80.123622  28.575234  3119.37  11  0.66  3118.89
AVAPS-D01 S10 132855101 140630 173020.50  11.82 -16.72  999.000000  99.000000 99999.00  11  0.65 99999.00
AVAPS-D01 S00 132855101 140630 173020.75  12.16 -17.13  -80.123663  28.575190  3109.32  10  0.61  3109.43
AVAPS-D01 S10 132855101 140630 173021.00  12.69 -17.21  999.000000  99.000000 99999.00  10  0.59 99999.00
AVAPS-D01 S00 132855101 140630 173021.25  12.49 -17.23  -80.123710  28.575146  3100.48  11  0.71  3100.27
AVAPS-D01 S10 132855101 140630 173021.50  12.83 -17.21  999.000000  99.000000 99999.00  11  0.73 99999.00
AVAPS-D01 S00 132855101 140630 173021.75  12.70 -17.13  -80.123755  28.575101  3094.67  11  0.69  3091.44
AVAPS-D01 S10 132855101 140630 173022.00  12.35 -17.17  999.000000  99.000000 99999.00  11  0.67 99999.00
AVAPS-D01 S00 132855101 140630 173022.25  12.19 -17.17  -80.123798  28.575058  3082.76  11  0.68  3082.83
AVAPS-D01 S10 132855101 140630 173022.50  12.26 -17.05  999.000000  99.000000 99999.00  12  0.69 99999.00
AVAPS-D01 S00 132855101 140630 173022.75  11.70 -16.88  -80.123850  28.575017  3089.68  12  0.65  3074.82
AVAPS-D01 S11 132855101 140630 173023.00  11.25 -16.87  999.000000  99.000000 99999.00  12  0.64 99999.00
AVAPS-D01 S00 132855101 140630 173023.25   9.71 -16.79  -80.123893  28.574979  3065.02  12  0.67  3066.80
AVAPS-D01 S10 132855101 140630 173023.50  10.51 -16.68  999.000000  99.000000 99999.00  12  0.66 99999.00
AVAPS-D01 S00 132855101 140630 173023.75  10.74 -16.61  -80.123934  28.574942  3058.14  12  0.66  3058.68
AVAPS-D01 S10 132855101 140630 173024.00  11.28 -16.66  999.000000  99.000000 99999.00  12  0.67 99999.00
AVAPS-D01 S00 132855101 140630 173024.25  12.33 -16.63  -80.123980  28.574903  3051.54  12  0.66  3050.33
AVAPS-D01 S10 132855101 140630 173024.50  13.20 -16.59  999.000000  99.000000 99999.00  12  0.64 99999.00
AVAPS-D01 S00 132855101 140630 173024.75  13.22 -16.42  -80.124030  28.574860  3035.84  12  0.64  3041.94
AVAPS-D01 S10 132855101 140630 173025.00  13.56 -16.48  999.000000  99.000000 99999.00  11  0.59 99999.00
AVAPS-D01 S01 132855101 140630 173025.25 999.00  99.00  -80.124075  74.947383  3033.20   0 99.00 99999.00
AVAPS-D01 S11 132855101 140630 173025.50 999.00  99.00  999.000000  99.000000 99999.00   0 99.00 99999.00
AVAPS-D01 S00 132855101 140630 173025.75  14.15 -17.36  -80.124116  28.574756  3023.92  12  0.62  3023.97
AVAPS-D01 S10 132855101 140630 173026.00  14.09 -17.39  999.000000  99.000000 99999.00  11  0.58 99999.00
AVAPS-D01 S00 132855101 140630 173026.25  13.51 -17.35  -80.124152  28.574700  3015.04  12  0.62  3015.35
AVAPS-D01 S10 132855101 140630 173026.50  13.28 -17.15  999.000000  99.000000 99999.00  12  0.63 99999.00
AVAPS-D01 S00 132855101 140630 173026.75  12.87 -17.01  -80.124184  28.574646  3005.46  11  0.61  3007.05
AVAPS-D01 S10 132855101 140630 173027.00  12.35 -16.91  999.000000  99.000000 99999.00  12  0.57 99999.00
AVAPS-D01 S00 132855101 140630 173027.25  11.99 -16.77  -80.124216  28.574595  2998.12  12  0.62  2998.95
AVAPS-D01 S10 132855101 140630 173027.50  11.51 -16.83  999.000000  99.000000 99999.00  12  0.60 99999.00
AVAPS-D01 S00 132855101 140630 173027.75  11.34 -16.76  -80.124248  28.574549  2986.98  12  0.63  2990.69
AVAPS-D01 S10 132855101 140630 173028.00  11.81 -16.65  999.000000  99.000000 99999.00  12  0.59 99999.00
AVAPS-D01 S00 132855101 140630 173028.25  11.20 -16.72  -80.124284  28.574504  2982.30  12  0.58  2982.53
AVAPS-D01 S10 132855101 140630 173028.50  10.62 -17.25  999.000000  99.000000 99999.00  12  0.56 99999.00
AVAPS-D01 S00 132855101 140630 173028.75  11.84 -17.14  -80.124314  28.574461  2973.10  12  0.59  2973.51
AVAPS-D01 S10 132855101 140630 173029.00  11.73 -16.94  999.000000  99.000000 99999.00  12  0.58 99999.00
AVAPS-D01 S00 132855101 140630 173029.25  12.89 -16.93  -80.124343  28.574411  2964.60  12  0.54  2964.95
AVAPS-D01 S10 132855101 140630 173029.50  14.37 -17.16  999.000000  99.000000 99999.00  12  0.52 99999.00
AVAPS-D01 S00 132855101 140630 173029.75  14.01 -17.10  -80.124381  28.574356  2937.30  12  0.59  2956.34
AVAPS-D01 S10 132855101 140630 173030.00  14.13 -17.02  999.000000  99.000000 99999.00  12  0.64 99999.00
AVAPS-D01 S00 132855101 140630 173030.25  13.74 -16.89  -80.124425  28.574306  2934.55  12  0.62  2947.97
AVAPS-D01 S10 132855101 140630 173030.50  12.86 -16.88  999.000000  99.000000 99999.00  12  0.62 99999.00
AVAPS-D01 S00 132855101 140630 173030.75  11.95 -16.93  -80.124468  28.574262  2931.08  12  0.63  2939.64
AVAPS-D01 S10 132855101 140630 173031.00  11.77 -16.96  999.000000  99.000000 99999.00  12  0.60 99999.00
AVAPS-D01 S01 132855101 140630 173031.25 999.00  99.00  -80.124507  28.574220  2924.54  12  0.62  2931.24
AVAPS-D01 S10 132855101 140630 173031.50  12.66 -16.84  999.000000  99.000000 99999.00  12  0.65 99999.00
AVAPS-D01 S00 132855101 140630 173031.75  12.80 -16.82  -80.124546  28.574175  2906.07  12  0.63  2922.77
AVAPS-D01 S10 132855101 140630 173032.00  13.01 -16.78  999.000000  99.000000 99999.00  12  0.61 99999.00
AVAPS-D01 S00 132855101 140630 173032.25  13.16 -16.67  -80.124590  28.574130  2930.37  12  0.61  2914.43
AVAPS-D01 S10 132855101 140630 173032.50  13.03 -16.70  999.000000  99.000000 99999.00  12  0.67 99999.00
AVAPS-D01 S00 132855101 140630 173032.75  12.59 -16.67  -80.124636  28.574087  2907.92  12  0.55  2906.19
AVAPS-D01 S10 132855101 140630 173033.00  12.02 -16.78  999.000000  99.000000 99999.00  12  0.62 99999.00
AVAPS-D01 S01 132855101 140630 173033.25  11.87 -16.67  -80.124678  28.574046  2911.13   0  0.62  2897.93
AVAPS-D01 S11 132855101 140630 173033.50 999.00  99.00  999.000000  99.000000 99999.00   0 99.00 99999.00
AVAPS-D01 S00 132855101 140630 173033.75  13.79 -16.66  -80.124716  28.573999  2891.46  12  0.59  2889.50
AVAPS-D01 S10 132855101 140630 173034.00  13.49 -16.70  999.000000  99.000000 99999.00  12  0.60 99999.00
AVAPS-D01 S00 132855101 140630 173034.25  13.70 -16.39  -80.124753  28.573947  2882.12  12  0.57  2881.34
AVAPS-D01 S10 132855101 140630 173034.50  14.14 -16.62  999.000000  99.000000 99999.00  12  0.56 99999.00
AVAPS-D01 S00 132855101 140630 173034.75  13.57 -17.25  -80.124792  28.573895  2874.71  12  0.55  2872.29
AVAPS-D01 S10 132855101 140630 173035.00  13.31 -17.25  999.000000  99.000000 99999.00  12  0.60 99999.00
AVAPS-D01 S00 132855101 140630 173035.25  13.53 -17.16  -80.124834  28.573846  2864.02  12  0.68  2863.84
AVAPS-D01 S10 132855101 140630 173035.50  13.10 -17.17  999.000000  99.000000 99999.00  12  0.63 99999.00
AVAPS-D01 S00 132855101 140630 173035.75  12.52 -17.41  -80.124873  28.573798  2855.62  12  0.61  2855.08
AVAPS-D01 S10 132855101 140630 173036.00  12.28 -17.45  999.000000  99.000000 99999.00  12  0.60 99999.00
AVAPS-D01 S01 132855101 140630 173036.25  12.27 -17.14  -80.124905  28.573741  2854.05  12  0.58  2846.01
AVAPS-D01 S10 132855101 140630 173036.50  13.43 -17.45  999.000000  99.000000 99999.00  12  0.56 99999.00
AVAPS-D01 S00 132855101 140630 173036.75  14.49 -17.60  -80.124940  28.573698  2834.23  12  0.57  2837.54
AVAPS-D01 S10 132855101 140630 173037.00  14.51 -17.52  999.000000  99.000000 99999.00  12  0.65 99999.00
AVAPS-D01 S00 132855101 140630 173037.25  14.42 -17.40  -80.124978  28.573641  2830.09  12  0.59  2828.98
AVAPS-D01 S10 132855101 140630 173037.50  13.50 -17.78  999.000000  99.000000 99999.00  12  0.55 99999.00
AVAPS-D01 S00 132855101 140630 173037.75  12.24 -17.80  -80.125013  28.573589  2819.21  12  0.55  2819.83
AVAPS-D01 S10 132855101 140630 173038.00  12.31 -17.71  999.000000  99.000000 99999.00  12  0.57 99999.00
AVAPS-D01 S01 132855101 140630 173038.25  12.22 -17.59  -80.125047  28.573542  2810.22  12  0.66  2811.19
AVAPS-D01 S10 132855101 140630 173038.50  11.87 -17.50  999.000000  99.000000 99999.00  12  0.63 99999.00
AVAPS-D01 S00 132855101 140630 173038.75  10.93 -17.34  -80.125082  28.573498  2801.07  12  0.61  2802.77
AVAPS-D01 S10 132855101 140630 173039.00  11.03 -17.15  999.000000  99.000000 99999.00  12  0.59 99999.00
AVAPS-D01 S11 132855101 140630 173039.25 999.00  99.00  999.000000  99.000000 99999.00   0 99.00 99999.00
AVAPS-D01 S11 132855101 140630 173039.50 999.00  99.00  999.000000  99.000000 99999.00   0 99.00 99999.00
AVAPS-D01 S00 132855101 140630 173039.75  12.90 -16.97  -80.125138  28.573407  2784.02  12  0.60  2786.22
AVAPS-D01 S10 132855101 140630 173040.00  13.27 -16.82  999.000000  99.000000 99999.00  12  0.64 99999.00
AVAPS-D01 S00 132855101 140630 173040.25  14.04 -16.72  -80.125167  28.573352  2776.29  12  0.63  2777.92
AVAPS-D01 S10 132855101 140630 173040.50  13.87 -16.66  999.000000  99.000000 99999.00  12  0.63 99999.00
AVAPS-D01 S00 132855101 140630 173040.75  13.35 -16.56  -80.125200  28.573297  2768.85  12  0.68  2769.73
AVAPS-D01 S10 132855101 140630 173041.00  13.18 -16.42  999.000000  99.000000 99999.00  12  0.66 99999.00
AVAPS-D01 S00 132855101 140630 173041.25  12.99 -16.35  -80.125233  28.573245  2760.92  12  0.67  2761.67
AVAPS-D01 S10 132855101 140630 173041.50  12.38 -16.25  999.000000  99.000000 99999.00  12  0.64 99999.00
AVAPS-D01 S00 132855101 140630 173041.75  11.83 -16.30  -80.125265  28.573197  2751.65  12  0.62  2753.72
AVAPS-D01 S10 132855101 140630 173042.00  11.45 -16.42  999.000000  99.000000 99999.00  12  0.62 99999.00
AVAPS-D01 S00 132855101 140630 173042.25  11.38 -16.37  -80.125294  28.573151  2751.88  12  0.62  2745.62
AVAPS-D01 S10 132855101 140630 173042.50  11.41 -16.32  999.000000  99.000000 99999.00  12  0.64 99999.00
AVAPS-D01 S00 132855101 140630 173042.75  11.37 -16.44  -80.125319  28.573104  2741.77  12  0.63  2737.60
AVAPS-D01 S10 132855101 140630 173043.00  11.26 -16.41  999.000000  99.000000 99999.00  12  0.64 99999.00
AVAPS-D01 S00 132855101 140630 173043.25  11.97 -16.21  -80.125337  28.573054  2737.64  12  0.63  2729.50
AVAPS-D01 S10 132855101 140630 173043.50  11.22 -16.26  999.000000  99.000000 99999.00  11  0.61 99999.00
AVAPS-D01 S00 132855101 140630 173043.75  10.31 -16.33  -80.125357  28.573007  2719.82  12  0.59  2721.26
AVAPS-D01 S11 132855101 140630 173044.00 999.00  99.00  999.000000  99.000000 99999.00   4  0.58 99999.00
AVAPS-D01 S00 132855101 140630 173044.25  10.19 -16.31  -80.125373  28.572963  2711.99  12  0.60  2713.27
AVAPS-D01 S10 132855101 140630 173044.50  10.90 -16.17  999.000000  99.000000 99999.00  12  0.58 99999.00
AVAPS-D01 S01 132855101 140630 173044.75  70.71  99.00  -80.125390  28.572916  2704.33  12  0.56  2705.38
AVAPS-D01 S10 132855101 140630 173045.00  12.32 -16.23  999.000000  99.000000 99999.00  12  0.53 99999.00
AVAPS-D01 S00 132855101 140630 173045.25  12.80 -16.14  -80.125408  28.572864  2697.69  12  0.52  2697.34
AVAPS-D01 S10 132855101 140630 173045.50  13.30 -16.12  999.000000  99.000000 99999.00  12  0.50 99999.00
AVAPS-D01 S00 132855101 140630 173045.75  13.91 -16.13  -80.125425  28.572806  2688.81  12  0.50  2689.25
AVAPS-D01 S10 132855101 140630 173046.00  13.89 -16.08  999.000000  99.000000 99999.00  12  0.54 99999.00
AVAPS-D01 S00 132855101 140630 173046.25  13.68 -15.99  -80.125442  28.572746  2679.47  12  0.55  2681.38
AVAPS-D01 S10 132855101 140630 173046.50  13.21 -16.21  999.000000  99.000000 99999.00  12  0.51 99999.00
AVAPS-D01 S00 132855101 140630 173046.75  13.63 -16.44  -80.125457  28.572688  2672.92  12  0.55  2673.10
AVAPS-D01 S10 132855101 140630 173047.00  13.69 -16.48  999.000000  99.000000 99999.00  12  0.57 99999.00
AVAPS-D01 S00 132855101 140630 173047.25  14.23 -16.23  -80.125469  28.572626  2644.97  12  0.62  2664.97
AVAPS-D01 S10 132855101 140630 173047.50  13.96 -16.58  999.000000  99.000000 99999.00  12  0.56 99999.00
AVAPS-D01 S01 132855101 140630 173047.75  12.96 -16.66  -80.125489  28.572567  2651.08   0  0.63  2656.51
AVAPS-D01 S11 132855101 140630 173048.00  45.91 -22.79  999.000000  99.000000 99999.00  12  0.64 99999.00
AVAPS-D01 S00 132855101 140630 173048.25  12.41 -16.72  -80.125511  28.572512  2644.91  12  0.56  2648.09
AVAPS-D01 S10 132855101 140630 173048.50  14.09 -16.67  999.000000  99.000000 99999.00  12  0.58 99999.00
AVAPS-D01 S01 132855101 140630 173048.75  14.27 -16.67  -80.125550  28.572410  2637.84  12  0.64  2648.55
AVAPS-D01 S10 132855101 140630 173049.00  14.37 -16.62  999.000000  99.000000 99999.00  12  0.61 99999.00
AVAPS-D01 S01 132855101 140630 173049.25 999.00  99.00  -80.125557  28.572392  2629.32  12  0.60  2631.29
AVAPS-D01 S11 132855101 140630 173049.50  14.68 -16.56  999.000000  99.000000 99999.00  12  0.58 99999.00
AVAPS-D01 S00 132855101 140630 173049.75  14.62 -16.45  -80.125586  28.572331  2623.15  12  0.58  2623.10
AVAPS-D01 S10 132855101 140630 173050.00  15.14 -16.49  999.000000  99.000000 99999.00  12  0.59 99999.00
AVAPS-D01 S00 132855101 140630 173050.25  15.33 -16.43  -80.125621  28.572270  2613.81  12  0.64  2614.85
AVAPS-D01 S10 132855101 140630 173050.50  15.32 -16.40  999.000000  99.000000 99999.00  12  0.62 99999.00
AVAPS-D01 S00 132855101 140630 173050.75  15.18 -16.39  -80.125659  28.572210  2600.93  12  0.62  2606.58
AVAPS-D01 S10 132855101 140630 173051.00  15.26 -16.18  999.000000  99.000000 99999.00  12  0.61 99999.00
AVAPS-D01 S11 132855101 140630 173051.25  15.22 -16.52  -80.125697  28.572150 99999.00  12  0.56  2598.29
AVAPS-D01 S10 132855101 140630 173051.50  14.79 -16.58  999.000000  99.000000 99999.00  12  0.56 99999.00
AVAPS-D01 S00 132855101 140630 173051.75  14.78 -16.63  -80.125738  28.572094  2585.01  12  0.57  2589.94
AVAPS-D01 S10 132855101 140630 173052.00  14.43 -16.66  999.000000  99.000000 99999.00  12  0.61 99999.00
AVAPS-D01 S00 132855101 140630 173052.25  15.29 -16.66  -80.125780  28.572038  2581.53  12  0.61  2581.67
AVAPS-D01 S10 132855101 140630 173052.50  15.84 -16.52  999.000000  99.000000 99999.00  12  0.62 99999.00
AVAPS-D01 S00 132855101 140630 173052.75  16.27 -16.42  -80.125825  28.571979  2571.31  12  0.58  2573.53
AVAPS-D01 S10 132855101 140630 173053.00  16.45 -16.29  999.000000  99.000000 99999.00  12  0.56 99999.00
AVAPS-D01 S00 132855101 140630 173053.25  16.57 -16.29  -80.125869  28.571916  2562.83  12  0.65  2565.42
AVAPS-D01 S10 132855101 140630 173053.50  16.45 -16.19  999.000000  99.000000 99999.00  12  0.65 99999.00
AVAPS-D01 S00 132855101 140630 173053.75  16.59 -16.22  -80.125909  28.571851  2554.91  12  0.63  2557.27
AVAPS-D01 S10 132855101 140630 173054.00  16.09 -15.94  999.000000  99.000000 99999.00  12  0.59 99999.00
AVAPS-D01 S00 132855101 140630 173054.25  16.33 -16.38  -80.125948  28.571787  2549.09  12  0.53  2549.09
AVAPS-D01 S10 132855101 140630 173054.50  15.04 -16.47  999.000000  99.000000 99999.00  12  0.54 99999.00
AVAPS-D01 S00 132855101 140630 173054.75  15.01 -16.49  -80.125989  28.571729  2544.87  12  0.60  2540.82
AVAPS-D01 S11 132855101 140630 173055.00 999.00  99.00  999.000000  99.000000 99999.00  12  0.60 99999.00
AVAPS-D01 S10 132855101 140630 173055.25  14.27 -16.58  -80.126026  28.571673 99999.00  12  0.60  2532.44
AVAPS-D01 S10 132855101 140630 173055.50  13.64 -16.59  999.000000  99.000000 99999.00  12  0.60 99999.00
AVAPS-D01 S00 132855101 140630 173055.75  13.52 -16.49  -80.126053  28.571616  2526.14  12  0.59  2524.38
AVAPS-D01 S10 132855101 140630 173056.00  13.45 -16.41  999.000000  99.000000 99999.00  12  0.56 99999.00
AVAPS-D01 S01 132855101 140630 173056.25  85.69 -28.84  -80.126077  28.571559  2514.75  12  0.54  2516.14
AVAPS-D01 S11 132855101 140630 173056.50  15.01 -16.46  999.000000  99.000000 99999.00  12  0.60 99999.00
AVAPS-D01 S00 132855101 140630 173056.75  15.06 -16.44  -80.126101  28.571495  2506.29  12  0.67  2507.93
AVAPS-D01 S10 132855101 140630 173057.00  15.43 -16.49  999.000000  99.000000 99999.00  12  0.64 99999.00
AVAPS-D01 S11 132855101 140630 173057.25 999.00  99.00  999.000000  99.000000 99999.00   0 99.00 99999.00
AVAPS-D01 S11 132855101 140630 173057.50 999.00  99.00  999.000000  99.000000 99999.00   0 99.00 99999.00
AVAPS-D01 S00 132855101 140630 173057.75  15.87 -16.43  -80.126158  28.571366  2492.23  12  0.62  2491.43
AVAPS-D01 S10 132855101 140630 173058.00  16.13 -16.43  999.000000  99.000000 99999.00  12  0.63 99999.00
AVAPS-D01 S01 132855101 140630 173058.25  15.71 -16.35  -80.126191  28.571321  2475.89  12  0.62  2484.49
AVAPS-D01 S10 132855101 140630 173058.50  16.52 -16.40  999.000000  99.000000 99999.00  12  0.59 99999.00
AVAPS-D01 S00 132855101 140630 173058.75  16.55 -16.51  -80.126225  28.571233  2475.10  12  0.53  2474.86
AVAPS-D01 S10 132855101 140630 173059.00  17.19 -16.77  999.000000  99.000000 99999.00  12  0.58 99999.00
AVAPS-D01 S00 132855101 140630 173059.25  16.99 -16.85  -80.126260  28.571164  2463.68  12  0.53  2466.47
AVAPS-D01 S10 132855101 140630 173059.50  16.79 -16.74  999.000000  99.000000 99999.00  12  0.60 99999.00
AVAPS-D01 S00 132855101 140630 173059.75  17.12 -16.62  -80.126290  28.571092  2456.23  12  0.60  2458.24
AVAPS-D01 S10 132855101 140630 173100.00  16.73 -16.49  999.000000  99.000000 99999.00  12  0.57 99999.00
AVAPS-D01 S00 132855101 140630 173100.25  16.06 -16.48  -80.126315  28.571020  2448.82  12  0.55  2450.01
AVAPS-D01 S10 132855101 140630 173100.50  15.47 -16.40  999.000000  99.000000 99999.00  12  0.58 99999.00
AVAPS-D01 S00 132855101 140630 173100.75  14.75 -16.42  -80.126336  28.570955  2438.99  12  0.58  2441.88
AVAPS-D01 S10 132855101 140630 173101.00  14.29 -16.33  999.000000  99.000000 99999.00  12  0.56 99999.00
AVAPS-D01 S00 132855101 140630 173101.25  13.77 -16.35  -80.126354  28.570892  2432.40  12  0.58  2433.76
AVAPS-D01 S10 132855101 140630 173101.50  13.52 -16.41  999.000000  99.000000 99999.00  12  0.59 99999.00
AVAPS-D01 S00 132855101 140630 173101.75  13.67 -16.35  -80.126373  28.570832  2422.66  12  0.56  2425.50
AVAPS-D01 S10 132855101 140630 173102.00  13.08 -16.53  999.000000  99.000000 99999.00  12  0.57 99999.00
AVAPS-D01 S00 132855101 140630 173102.25  12.58 -16.83  -80.126397  28.570777  2417.04  12  0.58  2416.85
AVAPS-D01 S10 132855101 140630 173102.50  12.67 -16.89  999.000000  99.000000 99999.00  12  0.60 99999.00
AVAPS-D01 S00 132855101 140630 173102.75  12.73 -16.72  -80.126423  28.570723  2410.16  12  0.58  2408.51
AVAPS-D01 S10 132855101 140630 173103.00  12.14 -16.99  999.000000  99.000000 99999.00  12  0.58 99999.00
AVAPS-D01 S00 132855101 140630 173103.25  13.15 -17.24  -80.126446  28.570671  2395.25  12  0.59  2399.66
AVAPS-D01 S10 132855101 140630 173103.50  13.09 -17.20  999.000000  99.000000 99999.00  12  0.62 99999.00
AVAPS-D01 S00 132855101 140630 173103.75  12.85 -17.00  -80.126464  28.570614  2391.31  12  0.63  2391.35
AVAPS-D01 S10 132855101 140630 173104.00  12.49 -16.97  999.000000  99.000000 99999.00  12  0.62 99999.00
AVAPS-D01 S01 132855101 140630 173104.25  11.76 -16.85  -80.126481  28.570560  2380.99  12  0.64  2383.07
AVAPS-D01 S10 132855101 140630 173104.50  11.95 -16.67  999.000000  99.000000 99999.00  12  0.64 99999.00
AVAPS-D01 S00 132855101 140630 173104.75  11.80 -16.58  -80.126499  28.570509  2371.39  12  0.65  2374.92
AVAPS-D01 S10 132855101 140630 173105.00  11.49 -16.56  999.000000  99.000000 99999.00  11  0.66 99999.00
AVAPS-D01 S00 132855101 140630 173105.25  11.80 -16.47  -80.126520  28.570459  2364.28  12  0.64  2366.73
AVAPS-D01 S10 132855101 140630 173105.50  12.01 -16.35  999.000000  99.000000 99999.00  12  0.66 99999.00
AVAPS-D01 S00 132855101 140630 173105.75  11.58 -16.26  -80.126544  28.570410  2354.91  12  0.62  2358.70
AVAPS-D01 S10 132855101 140630 173106.00  11.08 -16.39  999.000000  99.000000 99999.00  12  0.64 99999.00
AVAPS-D01 S00 132855101 140630 173106.25  11.80 -16.26  -80.126563  28.570361  2357.56  12  0.61  2350.67
AVAPS-D01 S10 132855101 140630 173106.50  11.22 -16.19  999.000000  99.000000 99999.00  12  0.60 99999.00
AVAPS-D01 S00 132855101 140630 173106.75  11.35 -16.29  -80.126580  28.570312  2339.30  12  0.62  2342.51
AVAPS-D01 S11 132855101 140630 173107.00  12.02 -16.15  999.000000  99.000000 99999.00  12  0.54 99999.00
AVAPS-D01 S00 132855101 140630 173107.25  12.10 -16.14  -80.126595  28.570260  2331.75  12  0.62  2334.53
AVAPS-D01 S10 132855101 140630 173107.50  12.07 -16.14  999.000000  99.000000 99999.00  12  0.62 99999.00
AVAPS-D01 S01 132855101 140630 173107.75  12.64 -16.42  -80.126609  28.570206  2323.93  12  0.61  2326.72
AVAPS-D01 S10 132855101 140630 173108.00  11.96 -16.07  999.000000  99.000000 99999.00  12  0.60 99999.00
AVAPS-D01 S00 132855101 140630 173108.25  12.13 -16.01  -80.126622  28.570153  2319.52  12  0.58  2318.82
AVAPS-D01 S10 132855101 140630 173108.50  12.20 -15.93  999.000000  99.000000 99999.00  12  0.57 99999.00
AVAPS-D01 S00 132855101 140630 173108.75  12.89 -15.81  -80.126631  28.570098  2307.55  12  0.56  2310.96
AVAPS-D01 S10 132855101 140630 173109.00  13.28 -15.84  999.000000  99.000000 99999.00  12  0.56 99999.00
AVAPS-D01 S00 132855101 140630 173109.25  13.05 -15.86  -80.126640  28.570040  2300.02  12  0.57  2302.97
AVAPS-D01 S10 132855101 140630 173109.50  12.73 -15.87  999.000000  99.000000 99999.00  12  0.59 99999.00
AVAPS-D01 S00 132855101 140630 173109.75  11.99 -16.05  -80.126649  28.569983  2293.27  12  0.60  2294.95
AVAPS-D01 S10 132855101 140630 173110.00  11.96 -16.02  999.000000  99.000000 99999.00  12  0.62 99999.00
AVAPS-D01 S01 132855101 140630 173110.25 999.00  99.00  -80.126659  28.569930  2282.70  12  0.62  2287.14
AVAPS-D01 S10 132855101 140630 173110.50  12.26 -15.88  999.000000  99.000000 99999.00  12  0.58 99999.00
AVAPS-D01 S00 132855101 140630 173110.75  11.57 -16.15  -80.126668  28.569877  2278.77  12  0.56  2278.98
AVAPS-D01 S10 132855101 140630 173111.00  12.52 -16.39  999.000000  99.000000 99999.00  12  0.54 99999.00
AVAPS-D01 S00 132855101 140630 173111.25  12.19 -16.18  -80.126674  28.569822  2259.79  12  0.55  2270.76
AVAPS-D01 S11 132855101 140630 173111.50 163.19 -41.00  999.000000  99.000000 99999.00  12  0.55 99999.00
AVAPS-D01 S00 132855101 140630 173111.75  13.14 -16.60  -80.126682  28.569765  2259.57  12  0.56  2262.23
AVAPS-D01 S10 132855101 140630 173112.00  13.40 -16.57  999.000000  99.000000 99999.00  12  0.64 99999.00
AVAPS-D01 S00 132855101 140630 173112.25  13.51 -16.63  -80.126698  28.569705  2256.71  11  0.59  2253.80
AVAPS-D01 S10 132855101 140630 173112.50  13.96 -17.00  999.000000  99.000000 99999.00  12  0.59 99999.00
AVAPS-D01 S10 132855101 140630 173112.75  14.94 -17.03  -80.126717  28.569643 99999.00  12  0.65  2245.05
AVAPS-D01 S10 132855101 140630 173113.00  15.16 -16.99  999.000000  99.000000 99999.00  12  0.65 99999.00
AVAPS-D01 S00 132855101 140630 173113.25  14.21 -16.92  -80.126735  28.569579  2235.90  12  0.60  2236.69
AVAPS-D01 S10 132855101 140630 173113.50  13.40 -17.09  999.000000  99.000000 99999.00  11  0.65 99999.00
AVAPS-D01 S10 132855101 140630 173113.75  13.61 -17.00  -80.126756  28.569520 99999.00  10  0.67  2228.10
AVAPS-D01 S10 132855101 140630 173114.00  14.13 -16.92  999.000000  99.000000 99999.00   9  0.71 99999.00
AVAPS-D01 S00 132855101 140630 173114.25  15.21 -16.98  -80.126781  28.569458  2217.34  11  0.61  2219.71
AVAPS-D01 S10 132855101 140630 173114.50  14.44 -16.81  999.000000  99.000000 99999.00  12  0.65 99999.00
AVAPS-D01 S00 132855101 140630 173114.75  14.29 -16.61  -80.126803  28.569396  2209.52  12  0.66  2211.67
AVAPS-D01 S10 132855101 140630 173115.00  13.80 -16.55  999.000000  99.000000 99999.00  12  0.66 99999.00
AVAPS-D01 S01 132855101 140630 173115.25 999.00  99.00  -80.126824  28.569338  2199.64  12  0.68  2203.43
AVAPS-D01 S10 132855101 140630 173115.50  13.59 -16.43  999.000000  99.000000 99999.00  12  0.66 99999.00
AVAPS-D01 S00 132855101 140630 173115.75  12.76 -16.44  -80.126847  28.569281  2192.55  12  0.63  2195.18
AVAPS-D01 S10 132855101 140630 173116.00  12.53 -16.58  999.000000  99.000000 99999.00  12  0.58 99999.00
AVAPS-D01 S00 132855101 140630 173116.25  13.16 -16.50  -80.126865  28.569226  2184.32  12  0.59  2186.92
AVAPS-D01 S10 132855101 140630 173116.50  13.10 -16.35  999.000000  99.000000 99999.00  12  0.59 99999.00
AVAPS-D01 S00 132855101 140630 173116.75  13.61 -16.40  -80.126878  28.569168  2176.74  12  0.59  2178.85
AVAPS-D01 S10 132855101 140630 173117.00  13.76 -16.36  999.000000  99.000000 99999.00  12  0.61 99999.00
AVAPS-D01 S00 132855101 140630 173117.25  14.26 -16.22  -80.126893  28.569107  2168.16  12  0.63  2170.89
AVAPS-D01 S10 132855101 140630 173117.50  15.10 -16.29  999.000000  99.000000 99999.00  12  0.67 99999.00
AVAPS-D01 S10 132855101 140630 173117.75  15.64 -16.30  -80.126909  28.569041 99999.00  12  0.63  2162.79
AVAPS-D01 S10 132855101 140630 173118.00  15.50 -16.16  999.000000  99.000000 99999.00  12  0.61 99999.00
AVAPS-D01 S00 132855101 140630 173118.25  16.09 -16.17  -80.126930  28.568973  2152.67  12  0.55  2154.77
AVAPS-D01 S10 132855101 140630 173118.50  15.65 -16.21  999.000000  99.000000 99999.00  12  0.60 99999.00
AVAPS-D01 S00 132855101 140630 173118.75  15.62 -16.20  -80.126958  28.568906  2145.13  12  0.65  2146.76
AVAPS-D01 S10 132855101 140630 173119.00  15.06 -16.07  999.000000  99.000000 99999.00  12  0.69 99999.00
AVAPS-D01 S11 132855101 140630 173119.25 999.00  99.00  999.000000  99.000000 99999.00   0 99.00 99999.00
AVAPS-D01 S11 132855101 140630 173119.50 999.00  99.00  999.000000  99.000000 99999.00   0 99.00 99999.00
AVAPS-D01 S00 132855101 140630 173119.75  13.97 -15.92  -80.127004  28.568782  2131.01  12  0.58  2130.99
AVAPS-D01 S10 132855101 140630 173120.00  14.50 -16.00  999.000000  99.000000 99999.00  12  0.59 99999.00
AVAPS-D01 S00 132855101 140630 173120.25  14.82 -16.06  -80.127021  28.568719  2119.72  12  0.61  2122.93
AVAPS-D01 S10 132855101 140630 173120.50  14.93 -15.91  999.000000  99.000000 99999.00  12  0.53 99999.00
AVAPS-D01 S00 132855101 140630 173120.75  15.37 -15.97  -80.127035  28.568653  2122.78  12  0.51  2114.95
AVAPS-D01 S10 132855101 140630 173121.00  15.50 -16.15  999.000000  99.000000 99999.00  12  0.54 99999.00
AVAPS-D01 S00 132855101 140630 173121.25  16.66 -16.31  -80.127048  28.568583  2105.47  12  0.57  2106.71
AVAPS-D01 S10 132855101 140630 173121.50  16.47 -16.28  999.000000  99.000000 99999.00  12  0.57 99999.00
AVAPS-D01 S00 132855101 140630 173121.75  15.53 -16.01  -80.127062  28.568511  2099.83  12  0.57  2098.79
AVAPS-D01 S10 132855101 140630 173122.00  16.04 -16.10  999.000000  99.000000 99999.00  12  0.55 99999.00
AVAPS-D01 S00 132855101 140630 173122.25  16.89 -16.37  -80.127076  28.568439  2073.36  12  0.53  2090.26
AVAPS-D01 S10 132855101 140630 173122.50  18.31 -16.52  999.000000  99.000000 99999.00  12  0.54 99999.00
AVAPS-D01 S00 132855101 140630 173122.75  18.13 -16.59  -80.127096  28.568362  2082.28  12  0.56  2081.63
AVAPS-D01 S10 132855101 140630 173123.00  17.33 -16.61  999.000000  99.000000 99999.00  12  0.62 99999.00
AVAPS-D01 S00 132855101 140630 173123.25  17.11 -16.39  -80.127123  28.568286  2075.72  12  0.69  2073.56
AVAPS-D01 S10 132855101 140630 173123.50  15.81 -16.40  999.000000  99.000000 99999.00  11  0.62 99999.00
AVAPS-D01 S00 132855101 140630 173123.75  15.88 -16.50  -80.127144  28.568217  2063.85  12  0.62  2065.05
AVAPS-D01 S10 132855101 140630 173124.00  16.04 -16.34  999.000000  99.000000 99999.00  12  0.70 99999.00
AVAPS-D01 S00 132855101 140630 173124.25  15.79 -16.15  -80.127161  28.568146  2053.97  12  0.57  2057.19
AVAPS-D01 S10 132855101 140630 173124.50  16.14 -16.04  999.000000  99.000000 99999.00  12  0.60 99999.00
AVAPS-D01 S00 132855101 140630 173124.75  16.18 -15.94  -80.127175  28.568075  2047.20  12  0.53  2049.40
AVAPS-D01 S10 132855101 140630 173125.00  16.49 -15.85  999.000000  99.000000 99999.00  12  0.57 99999.00
AVAPS-D01 S00 132855101 140630 173125.25  16.23 -15.83  -80.127186  28.568002  2039.22  12  0.63  2041.49
AVAPS-D01 S10 132855101 140630 173125.50  16.55 -15.84  999.000000  99.000000 99999.00  12  0.57 99999.00
AVAPS-D01 S00 132855101 140630 173125.75  16.19 -15.94  -80.127203  28.567930  2032.10  12  0.56  2033.29
AVAPS-D01 S10 132855101 140630 173126.00  15.48 -15.93  999.000000  99.000000 99999.00  12  0.62 99999.00
AVAPS-D01 S00 132855101 140630 173126.25  14.80 -15.89  -80.127226  28.567864  2022.62  12  0.56  2025.16
AVAPS-D01 S10 132855101 140630 173126.50  14.27 -15.95  999.000000  99.000000 99999.00  12  0.54 99999.00
AVAPS-D01 S00 132855101 140630 173126.75  14.09 -15.96  -80.127245  28.567802  2017.83  12  0.59  2017.20
AVAPS-D01 S10 132855101 140630 173127.00  13.90 -15.98  999.000000  99.000000 99999.00  12  0.55 99999.00
AVAPS-D01 S00 132855101 140630 173127.25  15.16 -16.09  -80.127261  28.567739  2011.60  12  0.51  2009.10
AVAPS-D01 S10 132855101 140630 173127.50  15.58 -16.20  999.000000  99.000000 99999.00  12  0.51 99999.00
AVAPS-D01 S00 132855101 140630 173127.75  16.62 -16.18  -80.127274  28.567669  1996.86  12  0.53  2001.00
AVAPS-D01 S10 132855101 140630 173128.00  16.28 -16.09  999.000000  99.000000 99999.00  12  0.59 99999.00
AVAPS-D01 S01 132855101 140630 173128.25  15.87 -15.91  -80.127284  28.567596  1995.25  12  0.56  1993.26
AVAPS-D01 S10 132855101 140630 173128.50  16.27 -15.96  999.000000  99.000000 99999.00  12  0.57 99999.00
AVAPS-D01 S00 132855101 140630 173128.75  15.69 -16.01  -80.127290  28.567524  1982.43  12  0.59  1985.30
AVAPS-D01 S10 132855101 140630 173129.00  15.39 -15.86  999.000000  99.000000 99999.00  12  0.61 99999.00
AVAPS-D01 S00 132855101 140630 173129.25  15.17 -15.78  -80.127297  28.567454  1978.56  12  0.59  1977.60
AVAPS-D01 S10 132855101 140630 173129.50  15.08 -15.88  999.000000  99.000000 99999.00  12  0.57 99999.00
AVAPS-D01 S00 132855101 140630 173129.75  15.45 -15.96  -80.127300  28.567386  1966.62  12  0.60  1969.50
AVAPS-D01 S10 132855101 140630 173130.00  15.32 -15.93  999.000000  99.000000 99999.00  12  0.56 99999.00
AVAPS-D01 S00 132855101 140630 173130.25  15.52 -15.82  -80.127305  28.567316  1960.62  12  0.54  1961.86
AVAPS-D01 S10 132855101 140630 173130.50  14.93 -15.81  999.000000  99.000000 99999.00  12  0.56 99999.00
AVAPS-D01 S00 132855101 140630 173130.75  14.70 -15.69  -80.127310  28.567248  1952.78  12  0.55  1954.18
AVAPS-D01 S10 132855101 140630 173131.00  14.46 -15.65  999.000000  99.000000 99999.00  12  0.60 99999.00
AVAPS-D01 S01 132855101 140630 173131.25 999.00  99.00    0.006439  82.460583  1944.02   0 99.00 99999.00
AVAPS-D01 S11 132855101 140630 173131.50 999.00  99.00  999.000000  99.000000 99999.00   0 99.00 99999.00
AVAPS-D01 S00 132855101 140630 173131.75  13.14 -15.60  -80.127325  28.567123  1937.35  12  0.60  1938.62
AVAPS-D01 S11 132855101 140630 173132.00 999.00  99.00  999.000000  99.000000 99999.00  12  0.58 99999.00
AVAPS-D01 S00 132855101 140630 173132.25  12.68 -15.67  -80.127337  28.567064  1927.67  12  0.57  1930.81
AVAPS-D01 S10 132855101 140630 173132.50  13.06 -15.75  999.000000  99.000000 99999.00  12  0.58 99999.00
AVAPS-D01 S00 132855101 140630 173132.75  12.88 -15.61  -80.127353  28.567007  1920.63  12  0.58  1922.95
AVAPS-D01 S11 132855101 140630 173133.00  12.92 -16.04  999.000000  99.000000 99999.00  12 99.00 99999.00
AVAPS-D01 S00 132855101 140630 173133.25  12.80 -16.59  -80.127369  28.566952  1907.46  12  0.60  1914.08
AVAPS-D01 S10 132855101 140630 173133.50  12.78 -16.96  999.000000  99.000000 99999.00  12  0.62 99999.00
AVAPS-D01 S00 132855101 140630 173133.75  12.46 -17.38  -80.127378  28.566896  1908.73  12  0.62  1904.94
AVAPS-D01 S10 132855101 140630 173134.00  14.33 -17.35  999.000000  99.000000 99999.00  12  0.58 99999.00
AVAPS-D01 S00 132855101 140630 173134.25  14.48 -17.25  -80.127377  28.566832  1896.44  12  0.58  1896.20
AVAPS-D01 S10 132855101 140630 173134.50  15.41 -17.00  999.000000  99.000000 99999.00  12  0.54 99999.00
AVAPS-D01 S00 132855101 140630 173134.75  16.48 -17.20  -80.127377  28.566762  1885.76  12  0.65  1887.57
AVAPS-D01 S10 132855101 140630 173135.00  16.26 -17.20  999.000000  99.000000 99999.00  12  0.68 99999.00
AVAPS-D01 S00 132855101 140630 173135.25  15.99 -16.91  -80.127381  28.566690  1884.47  12  0.65  1879.44
AVAPS-D01 S10 132855101 140630 173135.50  17.09 -17.17  999.000000  99.000000 99999.00  12  0.76 99999.00
AVAPS-D01 S00 132855101 140630 173135.75  18.49 -17.52  -80.127385  28.566612  1869.79  12  0.94  1870.39
AVAPS-D01 S11 132855101 140630 173136.00  18.10 -17.42  999.000000  99.000000 99999.00  12 99.00 99999.00
AVAPS-D01 S00 132855101 140630 173136.25  17.65 -17.25  -80.127395  28.566533  1859.80  12  0.74  1861.98
AVAPS-D01 S10 132855101 140630 173136.50  17.25 -16.93  999.000000  99.000000 99999.00  12  0.73 99999.00
AVAPS-D01 S00 132855101 140630 173136.75  18.70 -17.25  -80.127405  28.566454  1856.11  12  0.90  1853.59
AVAPS-D01 S10 132855101 140630 173137.00  19.12 -17.48  999.000000  99.000000 99999.00  12  1.00 99999.00
AVAPS-D01 S00 132855101 140630 173137.25  17.87 -17.43  -80.127411  28.566372  1840.63  12  0.92  1844.67
AVAPS-D01 S10 132855101 140630 173137.50  18.54 -17.41  999.000000  99.000000 99999.00  12  0.85 99999.00
AVAPS-D01 S00 132855101 140630 173137.75  17.15 -17.62  -80.127423  28.566292  1838.57  11  0.78  1836.01
AVAPS-D01 S10 132855101 140630 173138.00  15.13 -17.66  999.000000  99.000000 99999.00  12  0.69 99999.00
AVAPS-D01 S00 132855101 140630 173138.25  14.80 -17.42  -80.127440  28.566226  1826.75  12  0.59  1827.70
AVAPS-D01 S10 132855101 140630 173138.50  14.34 -17.12  999.000000  99.000000 99999.00  12  0.56 99999.00
AVAPS-D01 S11 132855101 140630 173138.75 999.00  99.00  999.000000  99.000000 99999.00   0 99.00 99999.00
AVAPS-D01 S11 132855101 140630 173139.00 999.00  99.00  999.000000  99.000000 99999.00   0 99.00 99999.00
AVAPS-D01 S00 132855101 140630 173139.25  14.62 -17.13  -80.127472  28.566101  1810.44  12  0.55  1811.10
AVAPS-D01 S11 132855101 140630 173139.50  14.54 -16.78  999.000000  99.000000 99999.00  12  0.54 99999.00
AVAPS-D01 S00 132855101 140630 173139.75  15.24 -16.64  -80.127484  28.566037  1805.80  12  0.57  1803.27
AVAPS-D01 S10 132855101 140630 173140.00  15.45 -16.49  999.000000  99.000000 99999.00  12  0.54 99999.00
AVAPS-D01 S00 132855101 140630 173140.25  14.60 -16.25  -80.127496  28.565971  1793.17  12  0.54  1795.49
AVAPS-D01 S10 132855101 140630 173140.50  15.61 -16.30  999.000000  99.000000 99999.00  12  0.56 99999.00
AVAPS-D01 S00 132855101 140630 173140.75  16.03 -16.67  -80.127508  28.565903  1786.44  12  0.55  1787.02
AVAPS-D01 S11 132855101 140630 173141.00 999.00  99.00  999.000000  99.000000 99999.00  12  0.63 99999.00
AVAPS-D01 S00 132855101 140630 173141.25  16.96 -16.72  -80.127527  28.565830  1779.27  12  0.63  1778.60
AVAPS-D01 S10 132855101 140630 173141.50  16.84 -16.54  999.000000  99.000000 99999.00  12  0.64 99999.00
AVAPS-D01 S00 132855101 140630 173141.75  17.75 -16.48  -80.127551  28.565756  1771.89  12  0.56  1770.49
AVAPS-D01 S10 132855101 140630 173142.00  17.83 -16.40  999.000000  99.000000 99999.00  12  0.57 99999.00
AVAPS-D01 S00 132855101 140630 173142.25  17.62 -16.30  -80.127577  28.565679  1760.40  11  0.72  1762.46
AVAPS-D01 S10 132855101 140630 173142.50  17.65 -16.16  999.000000  99.000000 99999.00  12  0.70 99999.00
AVAPS-D01 S01 132855101 140630 173142.75 999.00  99.00  -80.127604  28.565603  1753.67  12  0.58  1754.42
AVAPS-D01 S10 132855101 140630 173143.00  18.13 -16.57  999.000000  99.000000 99999.00  12  0.59 99999.00
AVAPS-D01 S00 132855101 140630 173143.25  17.83 -16.43  -80.127634  28.565528  1746.79  12  0.60  1746.26
AVAPS-D01 S10 132855101 140630 173143.50  17.59 -16.31  999.000000  99.000000 99999.00  12  0.62 99999.00
AVAPS-D01 S00 132855101 140630 173143.75  17.48 -16.30  -80.127666  28.565453  1739.22  11  0.59  1738.22
AVAPS-D01 S10 132855101 140630 173144.00  17.18 -16.21  999.000000  99.000000 99999.00  12  0.63 99999.00
AVAPS-D01 S00 132855101 140630 173144.25  17.06 -16.14  -80.127700  28.565381  1730.58  11  0.64  1730.36
AVAPS-D01 S10 132855101 140630 173144.50  17.46 -16.13  999.000000  99.000000 99999.00  11  0.63 99999.00
AVAPS-D01 S00 132855101 140630 173144.75  16.82 -16.00  -80.127735  28.565310  1718.93  12  0.64  1722.35
AVAPS-D01 S10 132855101 140630 173145.00  16.93 -15.84  999.000000  99.000000 99999.00  12  0.64 99999.00
AVAPS-D01 S00 132855101 140630 173145.25  17.66 -16.08  -80.127768  28.565237  1716.60  12  0.54  1714.32
AVAPS-D01 S10 132855101 140630 173145.50  17.42 -16.37  999.000000  99.000000 99999.00  12  0.54 99999.00
AVAPS-D01 S00 132855101 140630 173145.75  16.22 -16.53  -80.127797  28.565164  1705.28  12  0.61  1705.93
AVAPS-D01 S10 132855101 140630 173146.00  15.70 -16.52  999.000000  99.000000 99999.00  12  0.57 99999.00
AVAPS-D01 S00 132855101 140630 173146.25  15.00 -16.44  -80.127817  28.565096  1697.57  12  0.63  1697.94
AVAPS-D01 S10 132855101 140630 173146.50  14.35 -16.41  999.000000  99.000000 99999.00  12  0.62 99999.00
AVAPS-D01 S00 132855101 140630 173146.75  14.06 -16.39  -80.127838  28.565036  1687.27  12  0.61  1690.01
AVAPS-D01 S10 132855101 140630 173147.00  14.41 -16.20  999.000000  99.000000 99999.00  12  0.59 99999.00
AVAPS-D01 S00 132855101 140630 173147.25  14.09 -16.35  -80.127860  28.564976  1682.00  12  0.60  1682.10
AVAPS-D01 S10 132855101 140630 173147.50  13.41 -16.67  999.000000  99.000000 99999.00  12  0.60 99999.00
AVAPS-D01 S00 132855101 140630 173147.75  13.30 -16.69  -80.127882  28.564917  1671.74  12  0.59  1673.53
AVAPS-D01 S10 132855101 140630 173148.00  13.22 -16.58  999.000000  99.000000 99999.00  12  0.62 99999.00
AVAPS-D01 S00 132855101 140630 173148.25  12.80 -16.77  -80.127907  28.564862  1664.02  12  0.62  1665.11
AVAPS-D01 S10 132855101 140630 173148.50  12.39 -16.85  999.000000  99.000000 99999.00  12  0.58 99999.00
AVAPS-D01 S00 132855101 140630 173148.75  12.50 -16.70  -80.127926  28.564808  1658.08  12  0.56  1656.89
AVAPS-D01 S10 132855101 140630 173149.00  12.41 -16.74  999.000000  99.000000 99999.00  12  0.59 99999.00
AVAPS-D01 S00 132855101 140630 173149.25  13.70 -16.66  -80.127950  28.564753  1649.24  12  0.61  1648.74
AVAPS-D01 S10 132855101 140630 173149.50  14.66 -16.51  999.000000  99.000000 99999.00  12  0.68 99999.00
AVAPS-D01 S00 132855101 140630 173149.75  14.95 -16.31  -80.127976  28.564691  1651.97  12  0.57  1640.90
AVAPS-D01 S10 132855101 140630 173150.00  14.76 -16.22  999.000000  99.000000 99999.00  11  0.57 99999.00
AVAPS-D01 S00 132855101 140630 173150.25  13.39 -16.12  -80.127996  28.564629  1633.66  12  0.57  1633.09
AVAPS-D01 S10 132855101 140630 173150.50  13.42 -16.04  999.000000  99.000000 99999.00  12  0.61 99999.00
AVAPS-D01 S00 132855101 140630 173150.75  13.48 -15.86  -80.128014  28.564570  1625.16  12  0.58  1625.26
AVAPS-D01 S10 132855101 140630 173151.00  14.04 -15.96  999.000000  99.000000 99999.00  12  0.60 99999.00
AVAPS-D01 S00 132855101 140630 173151.25  14.79 -15.89  -80.128038  28.564509  1616.11  12  0.63  1617.37
AVAPS-D01 S10 132855101 140630 173151.50  15.06 -15.83  999.000000  99.000000 99999.00  12  0.66 99999.00
AVAPS-D01 S01 132855101 140630 173151.75 999.00  99.00    0.000054 -76.679211  1607.93   0 99.00 99999.00
AVAPS-D01 S11 132855101 140630 173152.00 999.00  99.00  999.000000  99.000000 99999.00   0 99.00 99999.00
AVAPS-D01 S00 132855101 140630 173152.25  15.86 -15.70  -80.128087  28.564379  1602.14  12  0.62  1601.84
AVAPS-D01 S10 132855101 140630 173152.50  16.69 -15.67  999.000000  99.000000 99999.00  12  0.62 99999.00
AVAPS-D01 S00 132855101 140630 173152.75  17.09 -15.60  -80.128112  28.564308  1596.65  12  0.66  1594.12
AVAPS-D01 S10 132855101 140630 173153.00  17.06 -15.56  999.000000  99.000000 99999.00  12  0.57 99999.00
AVAPS-D01 S00 132855101 140630 173153.25  16.93 -15.62  -80.128138  28.564235  1585.89  12  0.55  1586.32
AVAPS-D01 S10 132855101 140630 173153.50  16.05 -15.70  999.000000  99.000000 99999.00  12  0.61 99999.00
AVAPS-D01 S00 132855101 140630 173153.75  15.87 -15.66  -80.128169  28.564169  1580.54  12  0.66  1578.46
AVAPS-D01 S10 132855101 140630 173154.00  15.49 -15.58  999.000000  99.000000 99999.00  12  0.63 99999.00
AVAPS-D01 S00 132855101 140630 173154.25  14.87 -15.80  -80.128197  28.564106  1569.28  12  0.64  1570.50
AVAPS-D01 S10 132855101 140630 173154.50  14.53 -15.74  999.000000  99.000000 99999.00  12  0.63 99999.00
AVAPS-D01 S00 132855101 140630 173154.75  14.29 -15.70  -80.128218  28.564045  1561.73  12  0.57  1562.78
AVAPS-D01 S10 132855101 140630 173155.00  14.38 -15.67  999.000000  99.000000 99999.00  12  0.62 99999.00
AVAPS-D01 S00 132855101 140630 173155.25  14.49 -15.63  -80.128236  28.563982  1556.87  12  0.61  1555.02
AVAPS-D01 S10 132855101 140630 173155.50  15.18 -15.71  999.000000  99.000000 99999.00  12  0.55 99999.00
AVAPS-D01 S00 132855101 140630 173155.75  14.86 -15.63  -80.128251  28.563917  1546.54  12  0.64  1547.13
AVAPS-D01 S10 132855101 140630 173156.00  15.27 -15.64  999.000000  99.000000 99999.00  12  0.55 99999.00
AVAPS-D01 S00 132855101 140630 173156.25  14.01 -15.81  -80.128268  28.563851  1537.85  12  0.54  1539.17
AVAPS-D01 S10 132855101 140630 173156.50  13.41 -15.91  999.000000  99.000000 99999.00  12  0.53 99999.00
AVAPS-D01 S00 132855101 140630 173156.75  13.19 -15.91  -80.128289  28.563793  1530.72  12  0.58  1531.27
AVAPS-D01 S10 132855101 140630 173157.00  13.58 -15.86  999.000000  99.000000 99999.00  12  0.62 99999.00
AVAPS-D01 S00 132855101 140630 173157.25  13.35 -15.79  -80.128311  28.563735  1521.85  12  0.59  1523.44
AVAPS-D01 S10 132855101 140630 173157.50  13.59 -15.72  999.000000  99.000000 99999.00  12  0.61 99999.00
AVAPS-D01 S00 132855101 140630 173157.75  13.74 -15.60  -80.128336  28.563677  1514.91  12  0.59  1515.67
AVAPS-D01 S10 132855101 140630 173158.00  13.26 -15.70  999.000000  99.000000 99999.00  12  0.66 99999.00
AVAPS-D01 S00 132855101 140630 173158.25  13.28 -15.67  -80.128363  28.563622  1508.43  12  0.69  1507.85
AVAPS-D01 S10 132855101 140630 173158.50  13.15 -15.63  999.000000  99.000000 99999.00  12  0.72 99999.00
AVAPS-D01 S00 132855101 140630 173158.75  13.52 -15.51  -80.128388  28.563567  1503.58  12  0.66  1500.25
AVAPS-D01 S10 132855101 140630 173159.00  13.34 -15.46  999.000000  99.000000 99999.00  12  0.64 99999.00
AVAPS-D01 S00 132855101 140630 173159.25  12.44 -15.50  -80.128407  28.563511  1492.45  12  0.60  1492.50
AVAPS-D01 S10 132855101 140630 173159.50  12.72 -15.49  999.000000  99.000000 99999.00  12  0.59 99999.00
AVAPS-D01 S00 132855101 140630 173159.75  12.72 -15.38  -80.128420  28.563456  1486.27  11  0.61  1484.83
AVAPS-D01 S10 132855101 140630 173200.00  13.45 -15.32  999.000000  99.000000 99999.00  12  0.64 99999.00
AVAPS-D01 S00 132855101 140630 173200.25  15.30 -15.43  -80.128462  28.563304  1472.70  12  0.63  1465.38
AVAPS-D01 S10 132855101 140630 173200.50  16.21 -15.47  999.000000  99.000000 99999.00  11  0.56 99999.00
AVAPS-D01 S11 132855101 140630 173200.75 999.00  99.00  999.000000  99.000000 99999.00   0 99.00 99999.00
AVAPS-D01 S11 132855101 140630 173201.00 999.00  99.00  999.000000  99.000000 99999.00   0 99.00 99999.00
AVAPS-D01 S11 132855101 140630 173201.25 999.00  99.00  999.000000  99.000000 99999.00   0 99.00 99999.00
AVAPS-D01 S00 132855101 140630 173201.50  16.98 -15.48  -80.128485  28.563233  1457.67  12  0.56  1457.57
AVAPS-D01 S10 132855101 140630 173201.75  17.45 -15.58  999.000000  99.000000 99999.00  11  0.65 99999.00
AVAPS-D01 S00 132855101 140630 173202.00  16.97 -15.50  -80.128507  28.563159  1452.80  10  0.65  1449.75
AVAPS-D01 S10 132855101 140630 173202.25  17.35 -15.61  999.000000  99.000000 99999.00  10  0.74 99999.00
AVAPS-D01 S00 132855101 140630 173202.50  17.54 -15.60  -80.128527  28.563084  1442.66  12  0.67  1442.01
AVAPS-D01 S10 132855101 140630 173202.75  17.18 -15.47  999.000000  99.000000 99999.00  12  0.58 99999.00
AVAPS-D01 S00 132855101 140630 173203.00  17.01 -15.29  -80.128545  28.563008  1435.83  12  0.56  1434.45
AVAPS-D01 S10 132855101 140630 173203.25  16.29 -15.41  999.000000  99.000000 99999.00  12  0.54 99999.00
AVAPS-D01 S00 132855101 140630 173203.50  15.24 -15.50  -80.128557  28.562936  1428.21  12  0.54  1426.55
AVAPS-D01 S10 132855101 140630 173203.75  15.19 -15.91  999.000000  99.000000 99999.00  12  0.53 99999.00
AVAPS-D01 S00 132855101 140630 173204.00  13.83 -16.23  -80.128568  28.562870  1421.25  12  0.56  1418.05
AVAPS-D01 S10 132855101 140630 173204.25  14.55 -16.30  999.000000  99.000000 99999.00  12  0.60 99999.00
AVAPS-D01 S00 132855101 140630 173204.50  13.82 -16.11  -80.128578  28.562807  1410.39  12  0.60  1409.96
AVAPS-D01 S10 132855101 140630 173204.75  15.04 -16.02  999.000000  99.000000 99999.00  12  0.58 99999.00
AVAPS-D01 S00 132855101 140630 173205.00  14.42 -16.32  -80.128587  28.562742  1401.95  12  0.59  1401.57
AVAPS-D01 S10 132855101 140630 173205.25  15.64 -16.32  999.000000  99.000000 99999.00  12  0.66 99999.00
AVAPS-D01 S00 132855101 140630 173205.50  15.55 -16.16  -80.128604  28.562674  1398.24  12  0.65  1393.59
AVAPS-D01 S10 132855101 140630 173205.75  16.51 -16.02  999.000000  99.000000 99999.00  12  0.63 99999.00
AVAPS-D01 S00 132855101 140630 173206.00  16.52 -15.75  -80.128626  28.562603  1390.14  12  0.62  1385.90
AVAPS-D01 S10 132855101 140630 173206.25  17.17 -15.79  999.000000  99.000000 99999.00  12  0.64 99999.00
AVAPS-D01 S00 132855101 140630 173206.50  15.55 -15.81  -80.128652  28.562531  1366.67  12  0.60  1377.92
AVAPS-D01 S10 132855101 140630 173206.75  15.38 -15.67  999.000000  99.000000 99999.00  12  0.62 99999.00
AVAPS-D01 S00 132855101 140630 173207.00  14.49 -15.59  -80.128678  28.562466  1373.57  12  0.60  1370.29
AVAPS-D01 S10 132855101 140630 173207.25  13.91 -15.46  999.000000  99.000000 99999.00  12  0.65 99999.00
AVAPS-D01 S00 132855101 140630 173207.50  13.52 -15.39  -80.128702  28.562407  1364.06  12  0.60  1362.88
AVAPS-D01 S10 132855101 140630 173207.75  13.19 -15.03  999.000000  99.000000 99999.00  12  0.57 99999.00
AVAPS-D01 S00 132855101 140630 173208.00  13.55 -15.19  -80.128726  28.562349  1355.75  12  0.64  1355.53
AVAPS-D01 S10 132855101 140630 173208.25  13.04 -15.07  999.000000  99.000000 99999.00  12  0.66 99999.00
AVAPS-D01 S00 132855101 140630 173208.50  14.73 -14.91  -80.128753  28.562291  1336.63  12  0.66  1348.29
AVAPS-D01 S10 132855101 140630 173208.75  15.04 -14.81  999.000000  99.000000 99999.00  12  0.62 99999.00
AVAPS-D01 S00 132855101 140630 173209.00  16.48 -14.84  -80.128779  28.562224  1342.79  12  0.67  1340.84
AVAPS-D01 S10 132855101 140630 173209.25  16.62 -14.97  999.000000  99.000000 99999.00  12  0.61 99999.00
AVAPS-D01 S00 132855101 140630 173209.50  17.21 -15.06  -80.128802  28.562151  1321.69  12  0.80  1333.05
AVAPS-D01 S10 132855101 140630 173209.75  18.69 -15.33  999.000000  99.000000 99999.00  12  0.62 99999.00
AVAPS-D01 S00 132855101 140630 173210.00  18.68 -15.47  -80.128827  28.562070  1330.12  12  0.76  1324.85
AVAPS-D01 S10 132855101 140630 173210.25  17.83 -15.30  999.000000  99.000000 99999.00  12  0.62 99999.00
AVAPS-D01 S00 132855101 140630 173210.50  16.57 -15.04  -80.128854  28.561994  1326.05  12  0.69  1317.52
AVAPS-D01 S10 132855101 140630 173210.75  17.06 -14.59  999.000000  99.000000 99999.00  12  0.64 99999.00
AVAPS-D01 S10 132855101 140630 173211.00  15.95 -14.29  -80.128888  28.561925 99999.00  12  0.59  1310.98
AVAPS-D01 S10 132855101 140630 173211.25  16.28 -13.87  999.000000  99.000000 99999.00  12  0.58 99999.00
AVAPS-D01 S00 132855101 140630 173211.50  15.50 -13.37  -80.128928  28.561861  1314.79  12  0.67  1305.08
AVAPS-D01 S10 132855101 140630 173211.75  14.46 -13.46  999.000000  99.000000 99999.00  12  0.60 99999.00
AVAPS-D01 S00 132855101 140630 173212.00  13.88 -13.16  -80.128964  28.561804  1300.21  12  0.64  1298.51
AVAPS-D01 S10 132855101 140630 173212.25  12.50 -13.16  999.000000  99.000000 99999.00  12  0.60 99999.00
AVAPS-D01 S00 132855101 140630 173212.50  12.76 -12.98  -80.128987  28.561750  1290.11  12  0.72  1291.95
AVAPS-D01 S10 132855101 140630 173212.75  11.19 -12.93  999.000000  99.000000 99999.00  12  0.73 99999.00
AVAPS-D01 S00 132855101 140630 173213.00  10.22 -13.17  -80.129001  28.561703  1275.00  12  0.81  1285.18
AVAPS-D01 S10 132855101 140630 173213.25  10.39 -12.72  999.000000  99.000000 99999.00  12  0.89 99999.00
AVAPS-D01 S00 132855101 140630 173213.50  10.55 -13.14  -80.129014  28.561657  1275.77  12  0.85  1278.61
AVAPS-D01 S10 132855101 140630 173213.75  10.22 -13.24  999.000000  99.000000 99999.00  12  0.85 99999.00
AVAPS-D01 S00 132855101 140630 173214.00  11.65 -12.98  -80.129032  28.561611  1269.58  12  0.79  1271.99
AVAPS-D01 S10 132855101 140630 173214.25  12.78 -13.29  999.000000  99.000000 99999.00  12  0.78 99999.00
AVAPS-D01 S00 132855101 140630 173214.50  14.14 -13.44  -80.129053  28.561555  1258.72  12  0.69  1264.51
AVAPS-D01 S10 132855101 140630 173214.75  14.94 -13.87  999.000000  99.000000 99999.00  12  0.59 99999.00
AVAPS-D01 S00 132855101 140630 173215.00  15.51 -14.09  -80.129072  28.561490  1256.42  12  0.63  1256.66
AVAPS-D01 S10 132855101 140630 173215.25  15.65 -14.46  999.000000  99.000000 99999.00  12  0.64 99999.00
AVAPS-D01 S01 132855101 140630 173215.50 999.00  99.00  -80.129094  28.561424  1248.46  12  0.65  1248.77
AVAPS-D01 S10 132855101 140630 173215.75  18.19 -14.93  999.000000  99.000000 99999.00  12  0.71 99999.00
AVAPS-D01 S01 132855101 140630 173216.00  19.05 -15.49  -80.129122  28.561346  1245.32  12  0.67  1240.00
AVAPS-D01 S10 132855101 140630 173216.25  19.53 -15.56  999.000000  99.000000 99999.00  12  0.99 99999.00
AVAPS-D01 S00 132855101 140630 173216.50  17.76 -14.70  -80.129161  28.561270  1234.90  12  0.90  1233.00
AVAPS-D01 S10 132855101 140630 173216.75  17.28 -15.07  999.000000  99.000000 99999.00  12  0.89 99999.00
AVAPS-D01 S00 132855101 140630 173217.00  17.22 -14.61  -80.129201  28.561202  1229.49  12  0.92  1225.61
AVAPS-D01 S10 132855101 140630 173217.25  17.00 -14.91  999.000000  99.000000 99999.00  11  1.14 99999.00
AVAPS-D01 S00 132855101 140630 173217.50  17.65 -14.29  -80.129241  28.561133  1218.10  12  1.11  1218.49
AVAPS-D01 S10 132855101 140630 173217.75  17.59 -14.60  999.000000  99.000000 99999.00  11  1.18 99999.00
AVAPS-D01 S00 132855101 140630 173218.00  16.76 -14.80  -80.129278  28.561064  1207.63  11  1.27  1210.37
AVAPS-D01 S10 132855101 140630 173218.25  15.45 -14.63  999.000000  99.000000 99999.00  11  1.31 99999.00
AVAPS-D01 S00 132855101 140630 173218.50  14.48 -14.34  -80.129308  28.561002  1201.29  12  1.20  1203.53
AVAPS-D01 S10 132855101 140630 173218.75  13.07 -14.07  999.000000  99.000000 99999.00  12  1.09 99999.00
AVAPS-D01 S00 132855101 140630 173219.00  13.22 -14.06  -80.129338  28.560950  1192.77  11  1.03  1196.61
AVAPS-D01 S10 132855101 140630 173219.25  12.15 -14.09  999.000000  99.000000 99999.00  11  1.04 99999.00
AVAPS-D01 S00 132855101 140630 173219.50  11.72 -13.87  -80.129360  28.560901  1185.11  11  0.99  1189.58
AVAPS-D01 S10 132855101 140630 173219.75  11.26 -14.09  999.000000  99.000000 99999.00  11  0.99 99999.00
AVAPS-D01 S10 132855101 140630 173220.00  11.65 -14.00  -80.129371  28.560852 99999.00  11  1.08  1182.07
AVAPS-D01 S11 132855101 140630 173220.25  12.28 -14.06  999.000000  99.000000 99999.00  11  1.06 99999.00
AVAPS-D01 S00 132855101 140630 173220.50  11.31 -14.25  -80.129373  28.560800  1164.20  11  0.99  1174.24
AVAPS-D01 S10 132855101 140630 173220.75  10.62 -14.29  999.000000  99.000000 99999.00  11  0.91 99999.00
AVAPS-D01 S00 132855101 140630 173221.00  10.96 -14.67  -80.129377  28.560753  1157.95  12  0.93  1166.15
AVAPS-D01 S10 132855101 140630 173221.25  11.34 -15.15  999.000000  99.000000 99999.00  11  1.07 99999.00
AVAPS-D01 S00 132855101 140630 173221.50  11.53 -15.20  -80.129382  28.560704  1158.59  11  1.20  1157.67
AVAPS-D01 S10 132855101 140630 173221.75  12.56 -14.99  999.000000  99.000000 99999.00  11  1.11 99999.00
AVAPS-D01 S00 132855101 140630 173222.00  13.94 -15.35  -80.129385  28.560648  1149.44  11  1.05  1149.68
AVAPS-D01 S10 132855101 140630 173222.25  13.58 -15.47  999.000000  99.000000 99999.00  12  1.07 99999.00
AVAPS-D01 S00 132855101 140630 173222.50  13.24 -14.92  -80.129386  28.560590  1141.76  11  0.99  1142.55
AVAPS-D01 S10 132855101 140630 173222.75  13.32 -14.80  999.000000  99.000000 99999.00  11  0.89 99999.00
AVAPS-D01 S00 132855101 140630 173223.00  12.86 -14.48  -80.129377  28.560535  1125.70  12  0.90  1135.45
AVAPS-D01 S10 132855101 140630 173223.25  13.50 -14.14  999.000000  99.000000 99999.00  12  0.81 99999.00
AVAPS-D01 S00 132855101 140630 173223.50  13.70 -14.21  -80.129366  28.560480  1127.01  12  0.72  1128.60
AVAPS-D01 S10 132855101 140630 173223.75  15.03 -14.85  999.000000  99.000000 99999.00  11  0.73 99999.00
AVAPS-D01 S00 132855101 140630 173224.00  16.93 -15.61  -80.129347  28.560414  1120.78  11  0.98  1119.30
AVAPS-D01 S10 132855101 140630 173224.25  18.08 -16.38  999.000000  99.000000 99999.00  11  0.95 99999.00
AVAPS-D01 S00 132855101 140630 173224.50  18.30 -17.17  -80.129333  28.560334  1111.91  11  1.03  1109.06
AVAPS-D01 S10 132855101 140630 173224.75  18.18 -17.52  999.000000  99.000000 99999.00  11  1.00 99999.00
AVAPS-D01 S00 132855101 140630 173225.00  18.40 -17.81  -80.129347  28.560254  1103.57  12  0.93  1099.65
AVAPS-D01 S10 132855101 140630 173225.25  16.05 -17.80  999.000000  99.000000 99999.00  12  1.01 99999.00
AVAPS-D01 S00 132855101 140630 173225.50  14.52 -17.41  -80.129372  28.560188  1102.22  12  1.05  1091.61
AVAPS-D01 S10 132855101 140630 173225.75  13.41 -17.86  999.000000  99.000000 99999.00  12  1.15 99999.00
AVAPS-D01 S00 132855101 140630 173226.00  13.04 -18.02  -80.129397  28.560133  1098.38  12  1.18  1082.12
AVAPS-D01 S10 132855101 140630 173226.25  11.37 -18.19  999.000000  99.000000 99999.00  12  1.18 99999.00
AVAPS-D01 S00 132855101 140630 173226.50  10.86 -17.31  -80.129416  28.560086  1083.15  12  1.15  1074.19
AVAPS-D01 S10 132855101 140630 173226.75  10.15 -16.92  999.000000  99.000000 99999.00  12  1.06 99999.00
AVAPS-D01 S00 132855101 140630 173227.00   9.86 -16.50  -80.129427  28.560042  1065.00  12  0.94  1067.19
AVAPS-D01 S10 132855101 140630 173227.25   9.45 -16.07  999.000000  99.000000 99999.00  12  0.83 99999.00
AVAPS-D01 S00 132855101 140630 173227.50  10.23 -15.83  -80.129442  28.560001  1069.21  12  0.81  1060.39
AVAPS-D01 S10 132855101 140630 173227.75  11.67 -15.63  999.000000  99.000000 99999.00  12  0.72 99999.00
AVAPS-D01 S00 132855101 140630 173228.00  12.29 -15.50  -80.129459  28.559951  1059.85  12  0.67  1053.51
AVAPS-D01 S11 132855101 140630 173228.25  13.42 -15.40  999.000000  99.000000 99999.00   0 99.00 99999.00
AVAPS-D01 S00 132855101 140630 173228.50  13.44 -15.21  -80.129472  28.559894  1051.28  12  0.67  1046.54
AVAPS-D01 S10 132855101 140630 173228.75  14.33 -15.11  999.000000  99.000000 99999.00  12  0.64 99999.00
AVAPS-D01 S00 132855101 140630 173229.00  15.08 -15.03  -80.129477  28.559831  1046.18  12  0.67  1039.62
AVAPS-D01 S10 132855101 140630 173229.25  15.44 -15.09  999.000000  99.000000 99999.00  12  0.71 99999.00
AVAPS-D01 S00 132855101 140630 173229.50  15.54 -15.20  -80.129481  28.559762  1037.79  12  0.68  1032.06
AVAPS-D01 S10 132855101 140630 173229.75  14.67 -15.44  999.000000  99.000000 99999.00  12  0.67 99999.00
AVAPS-D01 S00 132855101 140630 173230.00  15.16 -15.29  -80.129492  28.559696  1023.66  12  0.80  1024.45
AVAPS-D01 S10 132855101 140630 173230.25  15.35 -15.28  999.000000  99.000000 99999.00  12  0.67 99999.00
AVAPS-D01 S00 132855101 140630 173230.50  16.50 -15.19  -80.129511  28.559626  1024.99  12  0.64  1017.15
AVAPS-D01 S10 132855101 140630 173230.75  16.66 -15.03  999.000000  99.000000 99999.00  12  0.62 99999.00
AVAPS-D01 S00 132855101 140630 173231.00  16.74 -14.93  -80.129540  28.559554  1016.73  12  0.62  1010.14
AVAPS-D01 S10 132855101 140630 173231.25  16.58 -14.71  999.000000  99.000000 99999.00  12  0.68 99999.00
AVAPS-D01 S00 132855101 140630 173231.50  15.87 -14.42  -80.129574  28.559484  1010.45  12  0.66  1003.66
AVAPS-D01 S10 132855101 140630 173231.75  14.85 -14.09  999.000000  99.000000 99999.00  12  0.68 99999.00
AVAPS-D01 S00 132855101 140630 173232.00  14.41 -13.28  -80.129607  28.559421  1004.03  12  0.88   998.22
AVAPS-D01 S10 132855101 140630 173232.25  14.06 -12.88  999.000000  99.000000 99999.00  12  0.96 99999.00
AVAPS-D01 S00 132855101 140630 173232.50  13.15 -12.86  -80.129639  28.559365   981.95  12  0.98   992.33
AVAPS-D01 S10 132855101 140630 173232.75  13.82 -12.64  999.000000  99.000000 99999.00  12  0.91 99999.00
AVAPS-D01 S00 132855101 140630 173233.00  12.36 -12.72  -80.129666  28.559310   984.87  12  0.96   986.16
AVAPS-D01 S10 132855101 140630 173233.25  12.06 -12.95  999.000000  99.000000 99999.00  12  0.94 99999.00
AVAPS-D01 S00 132855101 140630 173233.50  12.22 -13.20  -80.129686  28.559259   977.32  12  0.91   979.18
AVAPS-D01 S10 132855101 140630 173233.75  11.47 -13.70  999.000000  99.000000 99999.00  12  0.88 99999.00
AVAPS-D01 S00 132855101 140630 173234.00  12.61 -14.32  -80.129705  28.559208   972.49  12  0.84   970.95
AVAPS-D01 S10 132855101 140630 173234.25  10.31 -14.61  999.000000  99.000000 99999.00  12  0.94 99999.00
AVAPS-D01 S00 132855101 140630 173234.50  12.00 -14.78  -80.129729  28.559163   955.36  12  0.92   963.08
AVAPS-D01 S10 132855101 140630 173234.75  12.48 -14.57  999.000000  99.000000 99999.00  12  0.95 99999.00
AVAPS-D01 S00 132855101 140630 173235.00  14.19 -14.57  -80.129765  28.559115   947.11  12  0.96   955.98
AVAPS-D01 S10 132855101 140630 173235.25  16.52 -14.78  999.000000  99.000000 99999.00  12  0.97 99999.00
AVAPS-D01 S01 132855101 140630 173235.50 999.00  99.00  176.820170  89.999942   936.87   0 99.00 99999.00
AVAPS-D01 S11 132855101 140630 173235.75 999.00  99.00  999.000000  99.000000 99999.00  20 99.00 99999.00
AVAPS-D01 S00 132855101 140630 173236.00  14.58 -15.13  -80.129820  28.558994   933.01  12  0.86   940.10
AVAPS-D01 S10 132855101 140630 173236.25  15.17 -14.85  999.000000  99.000000 99999.00  12  1.00 99999.00
AVAPS-D01 S00 132855101 140630 173236.50  15.57 -15.07  -80.129828  28.558927   929.18  12  0.93   932.57
AVAPS-D01 S10 132855101 140630 173236.75  17.69 -14.89  999.000000  99.000000 99999.00  12  0.97 99999.00
AVAPS-D01 S01 132855101 140630 173237.00 999.00  99.00  -80.129835  28.558848   928.20   0 99.00   925.55
AVAPS-D01 S11 132855101 140630 173237.25 999.00  99.00  999.000000  99.000000 99999.00   0 99.00 99999.00
AVAPS-D01 S00 132855101 140630 173237.50  15.28 -14.67  -80.129846  28.558774   918.57  12  0.82   918.09
AVAPS-D01 S10 132855101 140630 173237.75  15.03 -14.73  999.000000  99.000000 99999.00  12  0.79 99999.00
AVAPS-D01 S00 132855101 140630 173238.00  14.74 -14.63  -80.129866  28.558711   911.33  12  0.79   910.77
AVAPS-D01 S10 132855101 140630 173238.25  14.08 -14.51  999.000000  99.000000 99999.00  12  0.74 99999.00
AVAPS-D01 S00 132855101 140630 173238.50  13.64 -14.48  -80.129887  28.558652   907.00  12  0.71   903.55
AVAPS-D01 S10 132855101 140630 173238.75  13.93 -14.36  999.000000  99.000000 99999.00  12  0.73 99999.00
AVAPS-D01 S00 132855101 140630 173239.00  13.82 -14.24  -80.129908  28.558594   904.84  12  0.72   896.80
AVAPS-D01 S10 132855101 140630 173239.25  13.56 -14.34  999.000000  99.000000 99999.00  12  0.66 99999.00
AVAPS-D01 S00 132855101 140630 173239.50  12.54 -14.52  -80.129932  28.558539   888.48  12  0.69   889.20
AVAPS-D01 S10 132855101 140630 173239.75  12.50 -14.52  999.000000  99.000000 99999.00  12  0.70 99999.00
AVAPS-D01 S00 132855101 140630 173240.00  12.36 -14.51  -80.129952  28.558487   883.79  12  0.65   881.99
AVAPS-D01 S10 132855101 140630 173240.25  12.15 -15.00  999.000000  99.000000 99999.00  12  0.58 99999.00
AVAPS-D01 S00 132855101 140630 173240.50  13.38 -15.17  -80.129967  28.558434   876.22  12  0.67   873.70
AVAPS-D01 S10 132855101 140630 173240.75  13.01 -15.04  999.000000  99.000000 99999.00  12  0.66 99999.00
AVAPS-D01 S00 132855101 140630 173241.00  13.74 -15.25  -80.129980  28.558378   866.40  12  0.56   865.99
AVAPS-D01 S10 132855101 140630 173241.25  13.35 -15.43  999.000000  99.000000 99999.00  12  0.54 99999.00
AVAPS-D01 S00 132855101 140630 173241.50  12.14 -15.50  -80.130001  28.558322   859.78  12  0.55   858.17
AVAPS-D01 S10 132855101 140630 173241.75  12.36 -15.40  999.000000  99.000000 99999.00  12  0.65 99999.00
AVAPS-D01 S00 132855101 140630 173242.00  12.08 -15.27  -80.130021  28.558269   854.78  12  0.64   850.84
AVAPS-D01 S10 132855101 140630 173242.25  12.36 -15.24  999.000000  99.000000 99999.00  12  0.60 99999.00
AVAPS-D01 S00 132855101 140630 173242.50  12.52 -15.26  -80.130033  28.558215   845.31  11  0.72   843.31
AVAPS-D01 S11 132855101 140630 173242.75  42.11 -21.49  999.000000  99.000000 99999.00  11  0.76 99999.00
AVAPS-D01 S00 132855101 140630 173243.00  13.52 -15.22  -80.130041  28.558158   838.98  11  0.70   835.66
AVAPS-D01 S10 132855101 140630 173243.25  13.87 -15.18  999.000000  99.000000 99999.00  11  0.71 99999.00
AVAPS-D01 S01 132855101 140630 173243.50  18.51 -16.57  -80.130055  28.558095   830.22  12  0.68   828.46
AVAPS-D01 S10 132855101 140630 173243.75  14.12 -14.87  999.000000  99.000000 99999.00  12  0.66 99999.00
AVAPS-D01 S00 132855101 140630 173244.00  13.85 -14.96  -80.130075  28.558033   822.85  12  0.63   821.19
AVAPS-D01 S10 132855101 140630 173244.25  12.96 -15.00  999.000000  99.000000 99999.00  12  0.67 99999.00
AVAPS-D01 S01 132855101 140630 173244.50 999.00  99.00  -80.130095  28.557977   815.72   0 99.00   813.93
AVAPS-D01 S11 132855101 140630 173244.75 999.00  99.00  999.000000  99.000000 99999.00   0 99.00 99999.00
AVAPS-D01 S00 132855101 140630 173245.00  12.23 -15.06  -80.130109  28.557921   807.90  12  0.59   806.08
AVAPS-D01 S10 132855101 140630 173245.25  13.24 -15.33  999.000000  99.000000 99999.00  12  0.55 99999.00
AVAPS-D01 S00 132855101 140630 173245.50  13.37 -15.19  -80.130118  28.557862   803.76  12  0.55   798.18
AVAPS-D01 S10 132855101 140630 173245.75  13.81 -15.33  999.000000  99.000000 99999.00  12  0.64 99999.00
AVAPS-D01 S00 132855101 140630 173246.00  14.45 -15.34  -80.130126  28.557799   792.04  12  0.59   790.31
AVAPS-D01 S10 132855101 140630 173246.25  15.05 -15.39  999.000000  99.000000 99999.00  12  0.57 99999.00
AVAPS-D01 S00 132855101 140630 173246.50  15.59 -15.73  -80.130136  28.557730   786.27  12  0.61   782.09
AVAPS-D01 S10 132855101 140630 173246.75  15.18 -16.04  999.000000  99.000000 99999.00  12  0.55 99999.00
AVAPS-D01 S00 132855101 140630 173247.00  14.53 -16.02  -80.130137  28.557661   776.26  12  0.61   773.76
AVAPS-D01 S10 132855101 140630 173247.25  14.41 -16.06  999.000000  99.000000 99999.00  12  0.61 99999.00
AVAPS-D01 S00 132855101 140630 173247.50  15.01 -15.68  -80.130141  28.557595   774.60  12  0.53   766.13
AVAPS-D01 S10 132855101 140630 173247.75  16.17 -15.54  999.000000  99.000000 99999.00  11  0.58 99999.00
AVAPS-D01 S00 132855101 140630 173248.00  16.53 -15.42  -80.130148  28.557522   761.76  12  0.64   758.73
AVAPS-D01 S10 132855101 140630 173248.25  16.57 -15.24  999.000000  99.000000 99999.00  12  0.65 99999.00
AVAPS-D01 S00 132855101 140630 173248.50  16.07 -14.95  -80.130157  28.557448   752.91  12  0.56   751.62
AVAPS-D01 S10 132855101 140630 173248.75  15.03 -14.98  999.000000  99.000000 99999.00  12  0.63 99999.00
AVAPS-D01 S00 132855101 140630 173249.00  15.29 -14.99  -80.130160  28.557379   746.42  11  0.66   743.96
AVAPS-D01 S10 132855101 140630 173249.25  14.74 -14.95  999.000000  99.000000 99999.00  11  0.71 99999.00
AVAPS-D01 S00 132855101 140630 173249.50  13.67 -14.88  -80.130158  28.557314   742.03  10  0.64   736.36
AVAPS-D01 S10 132855101 140630 173249.75  13.14 -14.93  999.000000  99.000000 99999.00  10  0.73 99999.00
AVAPS-D01 S00 132855101 140630 173250.00  12.21 -14.85  -80.130159  28.557255   732.56  12  0.70   728.89
AVAPS-D01 S10 132855101 140630 173250.25  12.00 -14.72  999.000000  99.000000 99999.00  10  0.69 99999.00
AVAPS-D01 S00 132855101 140630 173250.50  12.30 -14.61  -80.130168  28.557199   724.67  10  0.68   721.37
AVAPS-D01 S10 132855101 140630 173250.75  12.78 -14.63  999.000000  99.000000 99999.00   9  0.70 99999.00
AVAPS-D01 S00 132855101 140630 173251.00  13.57 -14.56  -80.130182  28.557139   724.16   9  0.79   713.87
AVAPS-D01 S10 132855101 140630 173251.25  13.38 -14.87  999.000000  99.000000 99999.00  11  0.72 99999.00
AVAPS-D01 S00 132855101 140630 173251.50  13.41 -14.94  -80.130187  28.557078   702.33  11  0.73   706.09
AVAPS-D01 S10 132855101 140630 173251.75  13.56 -14.90  999.000000  99.000000 99999.00  12  0.72 99999.00
AVAPS-D01 S00 132855101 140630 173252.00  13.70 -14.66  -80.130186  28.557017   703.79  12  0.70   699.13
AVAPS-D01 S10 132855101 140630 173252.25  16.08 -14.43  999.000000  99.000000 99999.00  12  0.75 99999.00
AVAPS-D01 S00 132855101 140630 173252.50  15.52 -14.34  -80.130180  28.556946   695.42  12  0.67   692.48
AVAPS-D01 S10 132855101 140630 173252.75  16.46 -14.25  999.000000  99.000000 99999.00  12  0.72 99999.00
AVAPS-D01 S00 132855101 140630 173253.00  15.87 -14.34  -80.130177  28.556874   689.57  12  0.79   685.60
AVAPS-D01 S10 132855101 140630 173253.25  15.61 -14.34  999.000000  99.000000 99999.00  12  0.83 99999.00
AVAPS-D01 S00 132855101 140630 173253.50  14.98 -14.44  -80.130176  28.556804   682.65  12  0.87   678.45
AVAPS-D01 S10 132855101 140630 173253.75  12.37 -14.65  999.000000  99.000000 99999.00  12  0.92 99999.00
AVAPS-D01 S00 132855101 140630 173254.00  11.65 -14.15  -80.130175  28.556748   674.46  12  0.95   671.55
AVAPS-D01 S10 132855101 140630 173254.25  11.51 -13.86  999.000000  99.000000 99999.00  12  0.88 99999.00
AVAPS-D01 S00 132855101 140630 173254.50  11.80 -13.96  -80.130179  28.556695   666.80  12  0.86   664.86
AVAPS-D01 S10 132855101 140630 173254.75  12.78 -13.99  999.000000  99.000000 99999.00  12  0.92 99999.00
AVAPS-D01 S00 132855101 140630 173255.00  13.64 -13.95  -80.130185  28.556638   658.22  12  0.90   657.93
AVAPS-D01 S10 132855101 140630 173255.25  13.44 -13.84  999.000000  99.000000 99999.00  11  0.74 99999.00
AVAPS-D01 S01 132855101 140630 173255.50  13.02 -13.88  -80.130188  28.556578   652.49  12  0.69   651.20
AVAPS-D01 S10 132855101 140630 173255.75  12.96 -13.91  999.000000  99.000000 99999.00  12  0.68 99999.00
AVAPS-D01 S00 132855101 140630 173256.00  11.45 -13.81  -80.130183  28.556522   642.66  12  0.68   644.42
AVAPS-D01 S10 132855101 140630 173256.25   9.10 -13.29  999.000000  99.000000 99999.00  12  0.77 99999.00
AVAPS-D01 S01 132855101 140630 173256.50 999.00  99.00  -80.130188  28.556481   636.44   0 99.00   638.71
AVAPS-D01 S11 132855101 140630 173256.75 999.00  99.00  999.000000  99.000000 99999.00   0 99.00 99999.00
AVAPS-D01 S01 132855101 140630 173257.00 999.00  99.00  176.622527 -89.999960   631.06   0 99.00 99999.00
AVAPS-D01 S11 132855101 140630 173257.25 999.00  99.00  999.000000  99.000000 99999.00   0 99.00 99999.00
AVAPS-D01 S00 132855101 140630 173257.50   7.87 -12.56  -80.130221  28.556414   613.44  12  0.74   626.39
AVAPS-D01 S10 132855101 140630 173257.75   8.68 -12.37  999.000000  99.000000 99999.00  11  0.73 99999.00
AVAPS-D01 S00 132855101 140630 173258.00   9.18 -12.52  -80.130247  28.556378   610.90  12  0.71   620.00
AVAPS-D01 S10 132855101 140630 173258.25  10.15 -12.54  999.000000  99.000000 99999.00  12  0.77 99999.00
AVAPS-D01 S00 132855101 140630 173258.50  10.81 -13.08  -80.130274  28.556336   607.69  12  0.68   612.70
AVAPS-D01 S10 132855101 140630 173258.75  13.25 -14.02  999.000000  99.000000 99999.00  12  0.69 99999.00
AVAPS-D01 S00 132855101 140630 173259.00  15.10 -13.85  -80.130295  28.556275   598.68  12  0.68   604.54
AVAPS-D01 S10 132855101 140630 173259.25  16.41 -13.60  999.000000  99.000000 99999.00  12  0.80 99999.00
AVAPS-D01 S00 132855101 140630 173259.50  18.31 -13.90  -80.130322  28.556200   593.63  12  0.85   597.30
AVAPS-D01 S10 132855101 140630 173259.75  18.41 -14.64  999.000000  99.000000 99999.00  12  0.97 99999.00
AVAPS-D01 S00 132855101 140630 173300.00  17.78 -15.15  -80.130355  28.556123   586.06  12  0.97   588.21
AVAPS-D01 S10 132855101 140630 173300.25  18.09 -15.56  999.000000  99.000000 99999.00  12  0.98 99999.00
AVAPS-D01 S00 132855101 140630 173300.50  17.88 -15.90  -80.130384  28.556044   568.38  12  0.87   579.25
AVAPS-D01 S10 132855101 140630 173300.75  16.03 -16.28  999.000000  99.000000 99999.00  12  0.88 99999.00
AVAPS-D01 S00 132855101 140630 173301.00  16.47 -15.80  -80.130405  28.555970   557.77  12  0.81   571.12
AVAPS-D01 S10 132855101 140630 173301.25  16.34 -15.34  999.000000  99.000000 99999.00  12  0.85 99999.00
AVAPS-D01 S00 132855101 140630 173301.50  16.69 -15.37  -80.130433  28.555897   569.70  12  0.92   563.73
AVAPS-D01 S10 132855101 140630 173301.75  15.67 -15.26  999.000000  99.000000 99999.00  12  0.93 99999.00
AVAPS-D01 S00 132855101 140630 173302.00  15.26 -15.15  -80.130459  28.555830   558.91  12  0.76   556.23
AVAPS-D01 S10 132855101 140630 173302.25  14.23 -14.82  999.000000  99.000000 99999.00  12  0.78 99999.00
AVAPS-D01 S00 132855101 140630 173302.50  13.27 -14.85  -80.130480  28.555769   550.00  12  0.74   549.06
AVAPS-D01 S10 132855101 140630 173302.75  11.47 -13.98  999.000000  99.000000 99999.00  12  0.79 99999.00
AVAPS-D01 S00 132855101 140630 173303.00  10.45 -13.40  -80.130506  28.555722   531.83  12  0.87   543.72
AVAPS-D01 S10 132855101 140630 173303.25  10.09 -13.33  999.000000  99.000000 99999.00  12  0.92 99999.00
AVAPS-D01 S00 132855101 140630 173303.50  10.60 -12.86  -80.130520  28.555679   534.18  12  1.03   537.56
AVAPS-D01 S10 132855101 140630 173303.75  10.55 -12.60  999.000000  99.000000 99999.00  12  0.99 99999.00
AVAPS-D01 S00 132855101 140630 173304.00  11.02 -12.32  -80.130525  28.555631   527.07  12  0.93   531.70
AVAPS-D01 S10 132855101 140630 173304.25  12.01 -12.19  999.000000  99.000000 99999.00  12  0.99 99999.00
AVAPS-D01 S00 132855101 140630 173304.50  11.64 -11.80  -80.130523  28.555580   510.20  12  1.10   525.85
AVAPS-D01 S10 132855101 140630 173304.75   8.71 -10.50  999.000000  99.000000 99999.00  12  1.27 99999.00
AVAPS-D01 S00 132855101 140630 173305.00   9.54 -11.30  -80.130512  28.555540   514.44  12  1.17   520.60
AVAPS-D01 S10 132855101 140630 173305.25   9.73 -11.96  999.000000  99.000000 99999.00  12  1.19 99999.00
AVAPS-D01 S01 132855101 140630 173305.50  10.30 -11.81  -80.130500  28.555498   507.66  12  1.07   513.99
AVAPS-D01 S10 132855101 140630 173305.75  10.97 -12.35  999.000000  99.000000 99999.00  12  0.97 99999.00
AVAPS-D01 S00 132855101 140630 173306.00  10.05 -13.04  -80.130506  28.555451   495.01  12  0.94   506.00
AVAPS-D01 S10 132855101 140630 173306.25  10.44 -13.38  999.000000  99.000000 99999.00  12  0.92 99999.00
AVAPS-D01 S00 132855101 140630 173306.50  10.80 -13.56  -80.130523  28.555406   492.98  12  0.87   498.27
AVAPS-D01 S10 132855101 140630 173306.75  11.54 -13.65  999.000000  99.000000 99999.00  12  0.83 99999.00
AVAPS-D01 S00 132855101 140630 173307.00  12.21 -13.67  -80.130542  28.555357   487.40  12  0.76   490.92
AVAPS-D01 S10 132855101 140630 173307.25  12.28 -13.58  999.000000  99.000000 99999.00  12  0.68 99999.00
AVAPS-D01 S00 132855101 140630 173307.50  12.47 -14.00  -80.130557  28.555303   481.13  12  0.68   483.12
AVAPS-D01 S10 132855101 140630 173307.75  11.93 -14.07  999.000000  99.000000 99999.00  12  0.60 99999.00
AVAPS-D01 S00 132855101 140630 173308.00  11.52 -14.26  -80.130566  28.555250   460.03  12  0.62   475.48
AVAPS-D01 S11 132855101 140630 173308.25 999.00  99.00  999.000000  99.000000 99999.00  12  0.61 99999.00
AVAPS-D01 S00 132855101 140630 173308.50  12.06 -14.14  -80.130580  28.555200   463.05  12  0.60   468.11
AVAPS-D01 S10 132855101 140630 173308.75  12.13 -14.11  999.000000  99.000000 99999.00  12  0.64 99999.00
AVAPS-D01 S11 132855101 140630 173309.00 999.00  99.00  999.000000  99.000000 99999.00   0 99.00 99999.00
AVAPS-D01 S11 132855101 140630 173309.25 999.00  99.00  999.000000  99.000000 99999.00   0 99.00 99999.00
AVAPS-D01 S00 132855101 140630 173309.50  13.07 -14.31  -80.130621  28.555090   450.68  12  0.75   452.84
AVAPS-D01 S10 132855101 140630 173309.75  11.95 -14.29  999.000000  99.000000 99999.00  12  0.76 99999.00
AVAPS-D01 S00 132855101 140630 173310.00  12.64 -14.02  -80.130644  28.555039   443.41  12  0.76   445.59
AVAPS-D01 S10 132855101 140630 173310.25  12.26 -13.86  999.000000  99.000000 99999.00  12  0.83 99999.00
AVAPS-D01 S00 132855101 140630 173310.50  13.67 -13.66  -80.130669  28.554985   434.97  12  0.81   438.55
AVAPS-D01 S10 132855101 140630 173310.75  14.39 -13.62  999.000000  99.000000 99999.00  12  0.65 99999.00
AVAPS-D01 S00 132855101 140630 173311.00  14.50 -13.52  -80.130689  28.554925   429.21  12  0.63   431.32
AVAPS-D01 S10 132855101 140630 173311.25  14.57 -13.37  999.000000  99.000000 99999.00  12  0.59 99999.00
AVAPS-D01 S00 132855101 140630 173311.50  13.59 -13.57  -80.130705  28.554865   420.89  12  0.56   424.08
AVAPS-D01 S10 132855101 140630 173311.75  13.56 -13.62  999.000000  99.000000 99999.00  12  0.60 99999.00
AVAPS-D01 S00 132855101 140630 173312.00  13.42 -13.52  -80.130714  28.554806   416.28  12  0.56   416.91
AVAPS-D01 S10 132855101 140630 173312.25  12.31 -13.43  999.000000  99.000000 99999.00  12  0.56 99999.00
AVAPS-D01 S00 132855101 140630 173312.50   9.86 -13.57  -80.130725  28.554755   408.31  12  0.63   409.83
AVAPS-D01 S10 132855101 140630 173312.75   8.99 -13.34  999.000000  99.000000 99999.00  12  0.65 99999.00
AVAPS-D01 S00 132855101 140630 173313.00   9.18 -12.47  -80.130746  28.554719   402.40  12  0.76   403.93
AVAPS-D01 S10 132855101 140630 173313.25   9.72 -12.06  999.000000  99.000000 99999.00  12  0.71 99999.00
AVAPS-D01 S00 132855101 140630 173313.50  11.26 -10.72  -80.130773  28.554679   397.48  12  0.80   399.30
AVAPS-D01 S10 132855101 140630 173313.75  11.79 -10.56  999.000000  99.000000 99999.00  12  0.94 99999.00
AVAPS-D01 S01 132855101 140630 173314.00  12.99 -10.64  -80.130798  28.554630   374.55  12  0.98   393.83
AVAPS-D01 S10 132855101 140630 173314.25  13.03 -11.49  999.000000  99.000000 99999.00  12  1.15 99999.00
AVAPS-D01 S11 132855101 140630 173314.50 999.00  99.00  999.000000  99.000000 99999.00   0 99.00 99999.00
AVAPS-D01 S11 132855101 140630 173314.75 999.00  99.00  999.000000  99.000000 99999.00   0 99.00 99999.00
AVAPS-D01 S00 132855101 140630 173315.00  12.63 -11.02  -80.130842  28.554522   368.39  12  1.11   381.26
AVAPS-D01 S10 132855101 140630 173315.25  10.60 -11.40  999.000000  99.000000 99999.00  12  1.04 99999.00
AVAPS-D01 S00 132855101 140630 173315.50  12.22 -11.27  -80.130868  28.554477   360.42  12  0.97   374.81
AVAPS-D01 S10 132855101 140630 173315.75  13.89 -11.28  999.000000  99.000000 99999.00  12  1.02 99999.00
AVAPS-D01 S00 132855101 140630 173316.00  13.48 -11.70  -80.130905  28.554427   354.77  12  0.82   368.06
AVAPS-D01 S10 132855101 140630 173316.25  14.75 -11.90  999.000000  99.000000 99999.00  12  0.91 99999.00
AVAPS-D01 S00 132855101 140630 173316.50  15.16 -12.59  -80.130940  28.554369   352.21  12  0.86   360.44
AVAPS-D01 S10 132855101 140630 173316.75  14.65 -12.44  999.000000  99.000000 99999.00  12  0.88 99999.00
AVAPS-D01 S00 132855101 140630 173317.00  12.91 -12.09  -80.130963  28.554311   341.49  12  0.96   354.10
AVAPS-D01 S10 132855101 140630 173317.25  13.89 -11.65  999.000000  99.000000 99999.00  12  0.88 99999.00
AVAPS-D01 S00 132855101 140630 173317.50  14.96 -11.96  -80.130963  28.554249   332.64  12  1.02   347.88
AVAPS-D01 S10 132855101 140630 173317.75  15.37 -11.67  999.000000  99.000000 99999.00  12  0.97 99999.00
AVAPS-D01 S00 132855101 140630 173318.00  17.53 -12.51  -80.130951  28.554179   332.95  12  1.07   340.88
AVAPS-D01 S10 132855101 140630 173318.25  18.31 -13.08  999.000000  99.000000 99999.00  12  1.00 99999.00
AVAPS-D01 S00 132855101 140630 173318.50  17.54 -13.75  -80.130945  28.554099   320.88  12  0.92   332.37
AVAPS-D01 S10 132855101 140630 173318.75  18.06 -14.00  999.000000  99.000000 99999.00  12  0.91 99999.00
AVAPS-D01 S00 132855101 140630 173319.00  15.05 -13.69  -80.130940  28.554026   310.70  12  0.89   324.96
AVAPS-D01 S10 132855101 140630 173319.25  15.47 -13.35  999.000000  99.000000 99999.00  12  0.95 99999.00
AVAPS-D01 S00 132855101 140630 173319.50  13.20 -13.26  -80.130929  28.553963   303.94  12  0.93   318.05
AVAPS-D01 S10 132855101 140630 173319.75  11.43 -14.13  999.000000  99.000000 99999.00  12  1.02 99999.00
AVAPS-D01 S00 132855101 140630 173320.00  10.79 -15.35  -80.130923  28.553914   301.05  12  1.11   307.79
AVAPS-D01 S10 132855101 140630 173320.25  10.31 -16.28  999.000000  99.000000 99999.00  12  1.12 99999.00
AVAPS-D01 S00 132855101 140630 173320.50  10.40 -17.67  -80.130926  28.553869   287.95  12  1.15   296.54
AVAPS-D01 S10 132855101 140630 173320.75  11.14 -18.08  999.000000  99.000000 99999.00  12  1.14 99999.00
AVAPS-D01 S00 132855101 140630 173321.00  11.04 -18.28  -80.130947  28.553824   280.21  12  1.17   286.45
AVAPS-D01 S10 132855101 140630 173321.25  10.52 -17.77  999.000000  99.000000 99999.00  12  1.21 99999.00
AVAPS-D01 S00 132855101 140630 173321.50  11.21 -17.27  -80.130977  28.553781   275.97  12  1.29   278.37
AVAPS-D01 S10 132855101 140630 173321.75  13.54 -16.98  999.000000  99.000000 99999.00  12  1.14 99999.00
AVAPS-D01 S00 132855101 140630 173322.00  13.77 -16.55  -80.131012  28.553729   267.93  12  1.10   270.33
AVAPS-D01 S10 132855101 140630 173322.25  13.73 -16.23  999.000000  99.000000 99999.00  12  1.02 99999.00
AVAPS-D01 S01 132855101 140630 173322.50 999.00  99.00  -80.133334  28.548103   255.94  12  0.99  1396.93
AVAPS-D01 S10 132855101 140630 173322.75  13.06 -15.51  999.000000  99.000000 99999.00  12  0.96 99999.00
AVAPS-D01 S01 132855101 140630 173323.00  49.92 -34.83  -80.131047  28.553612   247.37  12  1.03   255.14
AVAPS-D01 S10 132855101 140630 173323.25  14.73 -15.15  999.000000  99.000000 99999.00  12  0.97 99999.00
AVAPS-D01 S00 132855101 140630 173323.50  15.20 -15.15  -80.131047  28.553546   242.76  12  1.12   247.44
AVAPS-D01 S10 132855101 140630 173323.75  14.56 -14.73  999.000000  99.000000 99999.00  12  1.16 99999.00
AVAPS-D01 S00 132855101 140630 173324.00  14.80 -14.31  -80.131043  28.553481   235.70  12  1.00   240.68
AVAPS-D01 S10 132855101 140630 173324.25  15.16 -13.78  999.000000  99.000000 99999.00  12  0.93 99999.00
AVAPS-D01 S00 132855101 140630 173324.50  14.72 -13.08  -80.131043  28.553415   229.38  12  0.89   234.78
AVAPS-D01 S10 132855101 140630 173324.75  14.84 -12.99  999.000000  99.000000 99999.00  12  0.87 99999.00
AVAPS-D01 S00 132855101 140630 173325.00  13.08 -13.04  -80.131041  28.553353   209.65  12  1.02   227.64
AVAPS-D01 S10 132855101 140630 173325.25  12.95 -12.53  999.000000  99.000000 99999.00  12  1.03 99999.00
AVAPS-D01 S01 132855101 140630 173325.50  11.85 -12.62  -80.131037  28.553293   205.70  12  0.97   221.97
AVAPS-D01 S10 132855101 140630 173325.75  11.27 -12.76  999.000000  99.000000 99999.00  12  0.88 99999.00
AVAPS-D01 S01 132855101 140630 173326.00   8.36 -13.72  -80.131035  28.553254   204.84  12  1.07   212.60
AVAPS-D01 S10 132855101 140630 173326.25  10.79 -14.29  999.000000  99.000000 99999.00  12  1.14 99999.00
AVAPS-D01 S11 132855101 140630 173326.50 999.00  99.00  999.000000  99.000000 99999.00   0 99.00 99999.00
AVAPS-D01 S11 132855101 140630 173326.75 999.00  99.00  999.000000  99.000000 99999.00   0 99.00 99999.00
AVAPS-D01 S00 132855101 140630 173327.00  13.25 -16.17  -80.131081  28.553155   191.62  12  0.98   193.89
AVAPS-D01 S10 132855101 140630 173327.25  14.23 -17.04  999.000000  99.000000 99999.00  12  0.97 99999.00
AVAPS-D01 S00 132855101 140630 173327.50  14.27 -17.35  -80.131105  28.553097   182.17  12  0.97   183.76
AVAPS-D01 S10 132855101 140630 173327.75  12.85 -17.39  999.000000  99.000000 99999.00  12  0.93 99999.00
AVAPS-D01 S00 132855101 140630 173328.00  12.07 -17.41  -80.131122  28.553041   173.04  12  0.89   174.93
AVAPS-D01 S10 132855101 140630 173328.25  12.67 -17.51  999.000000  99.000000 99999.00  12  0.97 99999.00
AVAPS-D01 S00 132855101 140630 173328.50  12.86 -17.50  -80.131145  28.552989   167.01  12  0.88   165.90
AVAPS-D01 S10 132855101 140630 173328.75  12.63 -17.13  999.000000  99.000000 99999.00  12  0.86 99999.00
AVAPS-D01 S00 132855101 140630 173329.00  13.37 -16.97  -80.131166  28.552937   160.66  12  0.85   157.66
AVAPS-D01 S10 132855101 140630 173329.25  13.34 -17.06  999.000000  99.000000 99999.00  12  0.81 99999.00
AVAPS-D01 S00 132855101 140630 173329.50  14.62 -17.26  -80.131184  28.552880   152.92  12  0.75   148.97
AVAPS-D01 S10 132855101 140630 173329.75  14.26 -17.16  999.000000  99.000000 99999.00  12  0.84 99999.00
AVAPS-D01 S01 132855101 140630 173330.00 999.00  99.00  999.000000  99.000000   141.55   0 99.00 99999.00
AVAPS-D01 S11 132855101 140630 173330.25 999.00  99.00  999.000000  99.000000 99999.00   0 99.00 99999.00
AVAPS-D01 S00 132855101 140630 173330.50  13.34 -17.05  -80.131205  28.552759   140.02  12  0.79   131.91
AVAPS-D01 S10 132855101 140630 173330.75  12.25 -16.91  999.000000  99.000000 99999.00  12  0.77 99999.00
AVAPS-D01 S00 132855101 140630 173331.00  10.82 -16.87  -80.131208  28.552707   132.78  12  0.88   123.55
AVAPS-D01 S10 132855101 140630 173331.25  10.04 -16.96  999.000000  99.000000 99999.00  12  0.86 99999.00
AVAPS-D01 S00 132855101 140630 173331.50  10.05 -16.88  -80.131207  28.552664   124.49  12  0.81   115.18
AVAPS-D01 S10 132855101 140630 173331.75   9.31 -16.27  999.000000  99.000000 99999.00  12  0.78 99999.00
AVAPS-D01 S00 132855101 140630 173332.00  13.71 -16.13  -80.131196  28.552617   109.48  12  0.65   107.75
AVAPS-D01 S10 132855101 140630 173332.25  13.24 -15.73  999.000000  99.000000 99999.00  12  0.57 99999.00
AVAPS-D01 S00 132855101 140630 173332.50  14.12 -15.43  -80.131191  28.552556   111.57  12  0.53   100.69
AVAPS-D01 S10 132855101 140630 173332.75  15.72 -15.70  999.000000  99.000000 99999.00  12  0.59 99999.00
AVAPS-D01 S01 132855101 140630 173333.00  17.32 -16.29  -80.131194  28.552485    99.10  12 99.00    92.21
AVAPS-D01 S10 132855101 140630 173333.25  17.45 -16.51  999.000000  99.000000 99999.00  12  0.65 99999.00
AVAPS-D01 S00 132855101 140630 173333.50  17.34 -16.18  -80.131216  28.552411    91.64  12  0.74    84.28
AVAPS-D01 S10 132855101 140630 173333.75  16.41 -15.48  999.000000  99.000000 99999.00  12  0.88 99999.00
AVAPS-D01 S00 132855101 140630 173334.00  16.23 -14.57  -80.131244  28.552342    83.62  12  0.87    78.24
AVAPS-D01 S10 132855101 140630 173334.25  16.15 -13.85  999.000000  99.000000 99999.00  12  0.94 99999.00
AVAPS-D01 S00 132855101 140630 173334.50  15.73 -13.28  -80.131271  28.552274    79.91  12  0.99    73.03
AVAPS-D01 S10 132855101 140630 173334.75  14.70 -12.97  999.000000  99.000000 99999.00  12  1.02 99999.00
AVAPS-D01 S00 132855101 140630 173335.00  13.45 -12.75  -80.131292  28.552212    70.60  11  1.18    67.48
AVAPS-D01 S10 132855101 140630 173335.25  13.24 -12.58  999.000000  99.000000 99999.00  11  1.26 99999.00
AVAPS-D01 S00 132855101 140630 173335.50  13.02 -12.56  -80.131305  28.552153    61.11  11  1.06    61.72
AVAPS-D01 S10 132855101 140630 173335.75  11.91 -12.77  999.000000  99.000000 99999.00  12  1.04 99999.00
AVAPS-D01 S00 132855101 140630 173336.00  11.48 -12.88  -80.131314  28.552104    55.36  12  1.10    55.38
AVAPS-D01 S10 132855101 140630 173336.25   9.67 -13.30  999.000000  99.000000 99999.00  12  1.21 99999.00
AVAPS-D01 S00 132855101 140630 173336.50   8.32 -13.98  -80.131320  28.552067    49.13  12  1.21    47.53
AVAPS-D01 S10 132855101 140630 173336.75  10.85 -13.95  999.000000  99.000000 99999.00  12  1.25 99999.00
AVAPS-D01 S01 132855101 140630 173337.00  11.03 -14.41  -80.131322  28.552025    40.31  12  1.27    39.97
AVAPS-D01 S10 132855101 140630 173337.25  10.80 -14.34  999.000000  99.000000 99999.00  12  1.12 99999.00
AVAPS-D01 S00 132855101 140630 173337.50  11.34 -14.00  -80.131321  28.551979    34.05  12  1.08    33.19
AVAPS-D01 S10 132855101 140630 173337.75  11.79 -13.96  999.000000  99.000000 99999.00  12  1.12 99999.00
AVAPS-D01 S00 132855101 140630 173338.00  11.22 -14.05  -80.131322  28.551927    27.65  11  1.18    26.42
AVAPS-D01 S10 132855101 140630 173338.25  10.28 -13.97  999.000000  99.000000 99999.00  12  1.12 99999.00
AVAPS-T01 COM Data Type/Data Channel:            AVAPS SOUNDING DATA, Channel 1
AVAPS-T01 COM Project Name/Mission ID:           14063016304 01BBA INVEST, 14063016304 01BBA INVEST
AVAPS-T01 COM Aircraft Type/ID:                  AFRC C-130J, ---
AVAPS-T01 COM Launch Time (y,m,d,h,m,s):         2014-06-30, 17:30:14
AVAPS-T01 COM Sounding Name:                     1
AVAPS-T01 COM Sonde ID/Type/Rev/Built/Sensors:   132855101, 1, A6, 2013/10/28 12:06, Vaisala RS904, Ublox TIM-5H
AVAPS-T01 COM Sonde Freq/Batt/Firmware/Shutoff:   402.02 MHz,  8.8 v,     1.04,   32768 sec, 
AVAPS-T01 COM Sonde Baseline Errors (p,t,h1,h2):    0.0 mb,    0.0 C,     0.0 %,    0.0 %
AVAPS-T01 COM Sonde Dynamic Errors  (p,t,h):       -0.4 mb,    0.0 C,     0.0 %
AVAPS-T01 COM Pre-launch Obs Data System/Time:   AFRC WC-130J (ARWO), 17:30:14
AVAPS-T01 COM Pre-launch Obs (p,t,d,h):           699.3 mb,    9.0 C,    -4.5 C,   38.2 %
AVAPS-T01 COM Pre-launch Obs (wd,ws):              32.1 deg,  11.2 m/s
AVAPS-T01 COM Pre-launch Obs (lon,lat,alt):       -80.123600 deg,  28.575800 deg,  3195.3 m, (080 07.4160'W, 28 34.5480'N)
AVAPS-T01 COM Operator Name/Comments:            CUMBO, none
AVAPS-T01 COM Standard Comments:                 Weak Telemetry
AVAPS-T01 VER 3.7.0                              Software Version 3.7.0 - 2014-04-10; Adds: Sonde GPS Aiding
AVAPS-T01 FMT NOAA 1.7                           Format Version NOAA 1.7 - 2010 Apr 17; Adds: 0.25 second winds
AVAPS-T01 TOF  0.00                              Met/Wind Offset: ptu data leads wind data by  0.00 sec
AVAPS-T01 END 132855101 140630 173518.47
